Sat Nov 24 14:30:50 CST 2018

Tic-Tac-Toe Derby Show
iQ1[] : [100]
iQ2[] : [0, 1, 2, 3, 4, 5, 6, 7, 8, 9, 10, 11, 12, 13, 14, 15, 16, 17, 18, 19, 20, 21, 22, 23, 24, 25, 26, 27, 28, 29, 30, 31, 32, 33, 34, 35, 36, 37, 38, 39, 40, 41, 42, 43, 44, 45, 46, 47, 48, 49, 50, 51, 52, 53, 54, 55, 56, 57, 58, 59, 60, 61, 62, 63, 64, 65, 66, 67, 68, 69, 70, 71, 72, 73, 74, 75, 76, 77, 78, 79, 80, 81, 82, 83, 84, 85, 86, 87, 88, 89, 90, 91, 92, 93, 94, 95, 96, 97, 98, 99, 100]
LiQ:RiQ ? Moves:
100:0   X { (3,1) (1,1) (2,2) (1,2) (1,3) }
100:1   = { (2,2) (1,1) (3,1) (1,3) (1,2) (3,2) (3,3) (2,3) (2,1) }
100:2   X { (3,3) (2,1) (2,2) (1,1) (3,1) (1,3) (3,2) }
100:3   X { (2,3) (3,2) (2,2) (2,1) (3,3) (1,1) (1,3) }
100:4   X { (2,3) (1,2) (2,2) (2,1) (1,3) (3,3) (3,1) }
100:5   = { (2,2) (3,3) (1,1) (1,3) (2,3) (2,1) (3,1) (1,2) (3,2) }
100:6   X { (1,3) (2,3) (2,2) (3,1) (1,2) (1,1) (3,2) }
100:7   X { (1,3) (2,3) (2,2) (3,1) (1,1) (1,2) (3,3) }
100:8   = { (1,1) (2,2) (1,3) (1,2) (3,2) (3,1) (3,3) (2,3) (2,1) }
100:9   X { (2,2) (1,2) (1,1) (3,3) (2,1) (2,3) (3,1) }
100:10  = { (1,1) (1,3) (2,2) (3,3) (2,3) (2,1) (3,1) (3,2) (1,2) }
100:11  = { (1,2) (2,2) (1,1) (1,3) (3,1) (2,1) (2,3) (3,3) (3,2) }
100:12  = { (2,2) (3,3) (1,3) (3,1) (3,2) (1,2) (1,1) (2,3) (2,1) }
100:13  = { (3,1) (1,3) (2,2) (3,3) (2,3) (2,1) (1,1) (1,2) (3,2) }
100:14  X { (2,1) (3,2) (2,2) (2,3) (1,1) (3,3) (3,1) }
100:15  = { (2,2) (1,3) (3,3) (1,1) (1,2) (3,2) (3,1) (2,3) (2,1) }
100:16  = { (1,2) (3,2) (2,2) (3,3) (3,1) (1,3) (2,3) (2,1) (1,1) }
100:17  = { (3,2) (2,2) (1,1) (3,1) (1,3) (1,2) (3,3) (2,3) (2,1) }
100:18  = { (3,2) (2,2) (3,1) (3,3) (1,1) (2,1) (2,3) (1,3) (1,2) }
100:19  X { (1,1) (2,3) (2,2) (3,3) (1,3) (3,1) (1,2) }
100:20  X { (1,1) (2,3) (2,2) (3,3) (1,3) (3,1) (1,2) }
100:21  = { (1,1) (1,3) (2,2) (3,3) (2,3) (2,1) (3,1) (1,2) (3,2) }
100:22  X { (1,3) (1,2) (2,2) (3,1) (3,3) (2,3) (1,1) }
100:23  = { (1,3) (2,2) (3,1) (1,2) (3,2) (3,3) (1,1) (2,1) (2,3) }
100:24  = { (2,2) (3,1) (3,3) (1,1) (2,1) (2,3) (1,3) (1,2) (3,2) }
100:25  X { (3,3) (3,2) (2,2) (1,1) (1,3) (3,1) (2,3) }
100:26  X { (1,1) (3,2) (2,2) (3,3) (3,1) (1,3) (2,1) }
100:27  X { (1,3) (2,1) (2,2) (3,1) (1,1) (3,3) (1,2) }
100:28  X { (2,2) (3,2) (1,3) (3,1) (3,3) (2,3) (1,1) }
100:29  X { (3,1) (1,3) (2,2) (1,2) (1,1) (3,3) (2,1) }
100:30  = { (3,2) (3,3) (2,2) (1,2) (2,3) (2,1) (3,1) (1,3) (1,1) }
100:31  = { (2,1) (3,3) (2,2) (2,3) (1,3) (3,1) (3,2) (1,2) (1,1) }
100:32  = { (2,3) (3,1) (2,2) (2,1) (1,1) (3,3) (3,2) (1,2) (1,3) }
100:33  X { (2,2) (2,3) (3,1) (1,3) (3,3) (3,2) (1,1) }
100:34  = { (3,1) (3,3) (2,2) (1,3) (2,3) (2,1) (1,1) (3,2) (1,2) }
100:35  = { (1,1) (2,2) (3,3) (2,1) (2,3) (1,3) (3,1) (3,2) (1,2) }
100:36  X { (3,3) (3,2) (2,2) (1,1) (1,3) (2,3) (3,1) }
100:37  = { (1,1) (2,2) (3,1) (2,1) (2,3) (1,2) (3,2) (3,3) (1,3) }
100:38  = { (3,3) (1,3) (2,2) (1,1) (1,2) (3,2) (3,1) (2,1) (2,3) }
100:39  X { (2,1) (1,2) (2,2) (2,3) (1,1) (3,3) (3,1) }
100:40  = { (3,3) (2,2) (1,1) (2,3) (2,1) (3,1) (1,3) (1,2) (3,2) }
100:41  X { (1,1) (3,3) (2,2) (2,3) (1,3) (1,2) (3,1) }
100:42  = { (2,3) (2,2) (3,3) (1,3) (3,1) (3,2) (1,2) (1,1) (2,1) }
100:43  = { (2,2) (3,3) (1,3) (3,1) (3,2) (1,2) (1,1) (2,1) (2,3) }
100:44  = { (2,3) (2,2) (1,1) (3,2) (1,2) (1,3) (3,1) (2,1) (3,3) }
100:45  X { (3,3) (2,1) (2,2) (1,1) (3,1) (1,3) (3,2) }
100:46  = { (1,2) (3,2) (2,2) (1,3) (2,3) (2,1) (3,1) (3,3) (1,1) }
100:47  X { (2,2) (1,1) (3,3) (3,2) (2,3) (1,3) (2,1) }
100:48  = { (3,2) (3,1) (2,2) (1,2) (1,1) (3,3) (1,3) (2,3) (2,1) }
100:49  = { (2,2) (3,3) (1,3) (3,1) (3,2) (1,2) (1,1) (2,1) (2,3) }
100:50  X { (2,3) (1,2) (2,2) (2,1) (1,3) (3,3) (3,1) }
100:51  = { (3,3) (2,2) (1,1) (3,2) (1,2) (1,3) (3,1) (2,1) (2,3) }
100:52  = { (2,2) (3,1) (3,3) (1,1) (2,1) (2,3) (1,3) (1,2) (3,2) }
100:53  X { (2,3) (1,2) (2,2) (2,1) (1,3) (3,3) (3,1) }
100:54  X { (3,1) (1,2) (2,2) (1,3) (1,1) (3,3) (2,1) }
100:55  X { (1,3) (2,1) (2,2) (3,1) (1,1) (1,2) (3,3) }
100:56  X { (2,2) (1,1) (3,3) (2,1) (3,1) (3,2) (1,3) }
100:57  X { (2,2) (2,3) (3,3) (1,1) (3,2) (1,2) (3,1) }
100:58  = { (1,3) (3,3) (2,2) (3,1) (3,2) (1,2) (1,1) (2,1) (2,3) }
100:59  X { (2,2) (2,3) (3,1) (1,3) (3,3) (3,2) (1,1) }
100:60  = { (2,1) (2,2) (1,1) (3,1) (1,3) (1,2) (3,2) (3,3) (2,3) }
100:61  X { (1,3) (3,2) (2,2) (3,1) (3,3) (1,1) (2,3) }
100:62  = { (3,3) (2,2) (3,1) (3,2) (1,2) (1,1) (1,3) (2,3) (2,1) }
100:63  = { (1,3) (2,2) (3,3) (2,3) (2,1) (1,2) (3,2) (3,1) (1,1) }
100:64  = { (2,3) (3,3) (2,2) (2,1) (3,2) (1,2) (3,1) (1,3) (1,1) }
100:65  = { (2,2) (3,1) (1,3) (3,3) (3,2) (1,2) (1,1) (2,1) (2,3) }
100:66  = { (2,2) (1,1) (3,1) (1,3) (1,2) (3,2) (3,3) (2,3) (2,1) }
100:67  = { (1,1) (3,3) (2,2) (3,1) (3,2) (1,2) (1,3) (2,1) (2,3) }
100:68  = { (2,2) (1,3) (1,1) (3,3) (2,3) (2,1) (3,1) (1,2) (3,2) }
100:69  X { (1,2) (2,2) (3,3) (3,2) (1,3) (2,3) (1,1) }
100:70  = { (1,3) (2,2) (3,1) (1,2) (3,2) (3,3) (1,1) (2,1) (2,3) }
100:71  = { (2,3) (1,3) (2,2) (2,1) (1,2) (3,2) (1,1) (3,3) (3,1) }
100:72  = { (3,1) (2,2) (3,3) (3,2) (1,2) (1,3) (1,1) (2,1) (2,3) }
100:73  = { (1,3) (2,2) (1,1) (1,2) (3,2) (2,3) (2,1) (3,1) (3,3) }
100:74  = { (3,2) (2,2) (1,3) (3,3) (1,1) (1,2) (3,1) (2,1) (2,3) }
100:75  X { (3,1) (2,3) (2,2) (1,3) (3,3) (3,2) (1,1) }
100:76  X { (3,3) (2,2) (1,1) (3,1) (1,3) (1,2) (2,3) }
100:77  = { (2,2) (1,1) (1,3) (3,1) (2,1) (2,3) (3,3) (3,2) (1,2) }
100:78  X { (1,3) (2,2) (3,1) (1,1) (3,3) (2,3) (3,2) }
100:79  = { (1,1) (2,2) (3,1) (2,1) (2,3) (3,3) (1,3) (1,2) (3,2) }
100:80  = { (3,1) (2,2) (1,1) (2,1) (2,3) (3,3) (1,3) (1,2) (3,2) }
100:81  = { (1,2) (3,1) (2,2) (3,2) (3,3) (1,1) (2,1) (2,3) (1,3) }
100:82  = { (3,3) (2,2) (3,1) (3,2) (1,2) (1,3) (1,1) (2,1) (2,3) }
100:83  = { (3,2) (2,2) (3,1) (3,3) (1,1) (2,1) (2,3) (1,3) (1,2) }
100:84  = { (1,3) (2,2) (1,1) (1,2) (3,2) (3,1) (3,3) (2,3) (2,1) }
100:85  = { (2,1) (2,2) (3,1) (1,1) (3,3) (3,2) (1,2) (1,3) (2,3) }
100:86  = { (3,3) (2,2) (1,3) (2,3) (2,1) (3,2) (1,2) (1,1) (3,1) }
100:87  = { (3,1) (2,2) (1,3) (3,2) (1,2) (1,1) (3,3) (2,3) (2,1) }
100:88  = { (3,3) (2,2) (3,1) (3,2) (1,2) (1,3) (1,1) (2,1) (2,3) }
100:89  = { (2,2) (1,3) (3,1) (1,1) (1,2) (3,2) (3,3) (2,1) (2,3) }
100:90  = { (2,2) (1,3) (3,1) (1,1) (1,2) (3,2) (3,3) (2,3) (2,1) }
100:91  = { (1,3) (2,2) (3,1) (2,1) (2,3) (3,3) (1,1) (1,2) (3,2) }
100:92  = { (1,1) (2,2) (3,1) (2,1) (2,3) (1,3) (3,3) (3,2) (1,2) }
100:93  = { (2,2) (1,1) (1,3) (3,1) (2,1) (2,3) (3,3) (1,2) (3,2) }
100:94  = { (3,2) (2,2) (3,3) (3,1) (1,3) (2,3) (2,1) (1,1) (1,2) }
100:95  = { (3,2) (2,2) (1,1) (3,1) (1,3) (1,2) (3,3) (2,3) (2,1) }
100:96  = { (2,2) (3,3) (1,1) (1,3) (2,3) (2,1) (3,1) (3,2) (1,2) }
100:97  = { (3,3) (2,2) (1,3) (2,3) (2,1) (3,1) (1,1) (1,2) (3,2) }
100:98  = { (2,2) (1,1) (3,1) (1,3) (1,2) (3,2) (3,3) (2,3) (2,1) }
100:99  = { (1,1) (2,2) (3,1) (2,1) (2,3) (1,3) (3,3) (3,2) (1,2) }
100:100 = { (1,2) (2,2) (3,1) (1,1) (3,3) (3,2) (1,3) (2,3) (2,1) }

Tic-Tac-Toe Derby Show
iQ1[] : [0, 1, 2, 3, 4, 5, 6, 7, 8, 9, 10, 11, 12, 13, 14, 15, 16, 17, 18, 19, 20, 21, 22, 23, 24, 25, 26, 27, 28, 29, 30, 31, 32, 33, 34, 35, 36, 37, 38, 39, 40, 41, 42, 43, 44, 45, 46, 47, 48, 49, 50, 51, 52, 53, 54, 55, 56, 57, 58, 59, 60, 61, 62, 63, 64, 65, 66, 67, 68, 69, 70, 71, 72, 73, 74, 75, 76, 77, 78, 79, 80, 81, 82, 83, 84, 85, 86, 87, 88, 89, 90, 91, 92, 93, 94, 95, 96, 97, 98, 99, 100]
iQ2[] : [100]
LiQ:RiQ ? Moves:
  0:100 O { (3,3) (2,2) (3,1) (3,2) (2,3) (1,2) }
  1:100 = { (2,3) (2,2) (1,1) (3,3) (1,2) (1,3) (3,1) (2,1) (3,2) }
  2:100 = { (3,2) (2,2) (1,3) (3,3) (1,1) (1,2) (2,3) (3,1) (2,1) }
  3:100 = { (2,2) (3,1) (1,1) (3,3) (3,2) (1,2) (2,3) (2,1) (1,3) }
  4:100 = { (3,2) (2,2) (1,3) (2,3) (2,1) (1,1) (3,3) (3,1) (1,2) }
  5:100 = { (1,3) (2,2) (1,2) (1,1) (3,3) (2,3) (2,1) (3,1) (3,2) }
  6:100 = { (2,1) (2,2) (1,3) (1,1) (3,3) (2,3) (1,2) (3,1) (3,2) }
  7:100 = { (3,3) (2,2) (2,3) (1,3) (3,1) (3,2) (1,2) (1,1) (2,1) }
  8:100 = { (2,3) (2,2) (3,3) (1,3) (3,1) (3,2) (1,2) (1,1) (2,1) }
  9:100 = { (3,2) (2,2) (2,1) (1,1) (3,3) (3,1) (1,3) (2,3) (1,2) }
 10:100 = { (3,2) (2,2) (3,1) (3,3) (1,1) (2,1) (2,3) (1,3) (1,2) }
 11:100 = { (3,3) (2,2) (2,1) (3,1) (1,3) (2,3) (1,2) (1,1) (3,2) }
 12:100 = { (2,3) (2,2) (3,3) (1,3) (3,1) (3,2) (1,2) (1,1) (2,1) }
 13:100 = { (1,2) (2,2) (1,1) (1,3) (3,1) (2,1) (2,3) (3,3) (3,2) }
 14:100 = { (1,3) (2,2) (3,3) (2,3) (2,1) (1,1) (1,2) (3,1) (3,2) }
 15:100 = { (1,3) (2,2) (1,1) (1,2) (3,2) (3,1) (3,3) (2,3) (2,1) }
 16:100 = { (3,3) (2,2) (3,2) (3,1) (1,3) (2,3) (2,1) (1,1) (1,2) }
 17:100 = { (1,1) (2,2) (2,1) (3,1) (1,3) (1,2) (3,2) (3,3) (2,3) }
 18:100 = { (3,3) (2,2) (1,3) (2,3) (2,1) (1,1) (3,2) (3,1) (1,2) }
 19:100 = { (1,1) (2,2) (1,3) (1,2) (3,2) (3,3) (3,1) (2,1) (2,3) }
 20:100 = { (1,2) (2,2) (3,3) (2,3) (2,1) (1,1) (3,2) (3,1) (1,3) }
 21:100 = { (3,1) (2,2) (1,3) (2,1) (2,3) (3,3) (1,1) (1,2) (3,2) }
 22:100 = { (1,3) (2,2) (3,3) (2,3) (2,1) (3,1) (3,2) (1,1) (1,2) }
 23:100 = { (2,3) (2,2) (3,2) (3,1) (1,3) (3,3) (1,1) (1,2) (2,1) }
 24:100 = { (3,3) (2,2) (1,1) (2,1) (2,3) (1,3) (3,1) (3,2) (1,2) }
 25:100 = { (1,3) (2,2) (3,2) (3,3) (1,1) (1,2) (3,1) (2,1) (2,3) }
 26:100 = { (2,2) (1,3) (1,1) (3,3) (2,3) (2,1) (1,2) (3,2) (3,1) }
 27:100 = { (2,1) (2,2) (1,3) (1,1) (3,3) (2,3) (3,1) (3,2) (1,2) }
 28:100 = { (1,2) (2,2) (2,1) (1,1) (3,3) (1,3) (3,1) (3,2) (2,3) }
 29:100 = { (1,3) (2,2) (3,2) (2,3) (2,1) (1,1) (3,3) (3,1) (1,2) }
 30:100 = { (1,3) (2,2) (3,1) (1,2) (3,2) (3,3) (1,1) (2,1) (2,3) }
 31:100 = { (1,1) (2,2) (1,2) (1,3) (3,1) (2,1) (2,3) (3,3) (3,2) }
 32:100 = { (1,1) (2,2) (1,2) (1,3) (3,1) (2,1) (2,3) (3,3) (3,2) }
 33:100 = { (3,3) (2,2) (2,1) (3,2) (1,2) (1,3) (3,1) (1,1) (2,3) }
 34:100 = { (3,1) (2,2) (3,3) (3,2) (1,2) (1,3) (1,1) (2,1) (2,3) }
 35:100 = { (1,3) (2,2) (1,1) (1,2) (3,2) (3,3) (3,1) (2,1) (2,3) }
 36:100 = { (2,2) (1,1) (3,2) (1,2) (1,3) (3,1) (2,1) (2,3) (3,3) }
 37:100 = { (1,3) (2,2) (3,1) (3,2) (1,2) (1,1) (3,3) (2,3) (2,1) }
 38:100 = { (3,1) (2,2) (2,3) (1,3) (1,2) (1,1) (3,3) (3,2) (2,1) }
 39:100 = { (2,1) (2,2) (3,3) (3,1) (1,3) (2,3) (1,1) (1,2) (3,2) }
 40:100 = { (3,3) (2,2) (2,1) (3,1) (1,3) (2,3) (1,1) (1,2) (3,2) }
 41:100 = { (2,1) (2,2) (3,3) (3,2) (1,2) (1,3) (3,1) (1,1) (2,3) }
 42:100 = { (1,1) (2,2) (2,1) (3,1) (1,3) (1,2) (3,2) (3,3) (2,3) }
 43:100 = { (3,1) (2,2) (3,3) (3,2) (1,2) (1,1) (2,3) (1,3) (2,1) }
 44:100 = { (1,3) (2,2) (3,1) (3,2) (1,2) (1,1) (3,3) (2,3) (2,1) }
 45:100 = { (2,2) (3,3) (1,1) (3,1) (3,2) (1,2) (2,1) (2,3) (1,3) }
 46:100 = { (3,3) (2,2) (1,3) (2,3) (2,1) (1,1) (1,2) (3,1) (3,2) }
 47:100 O { (3,2) (2,2) (1,3) (3,1) (1,2) (1,1) (3,3) (2,1) }
 48:100 = { (2,1) (2,2) (3,1) (1,1) (3,3) (3,2) (1,2) (1,3) (2,3) }
 49:100 = { (2,1) (2,2) (3,1) (1,1) (3,3) (3,2) (1,2) (1,3) (2,3) }
 50:100 = { (1,3) (2,2) (3,1) (1,2) (3,2) (3,3) (1,1) (2,1) (2,3) }
 51:100 = { (2,2) (1,1) (3,1) (1,3) (1,2) (3,2) (2,3) (2,1) (3,3) }
 52:100 = { (3,2) (2,2) (1,3) (3,3) (1,1) (1,2) (2,1) (3,1) (2,3) }
 53:100 = { (3,2) (2,2) (3,3) (3,1) (1,3) (2,3) (2,1) (1,1) (1,2) }
 54:100 = { (3,1) (2,2) (3,3) (3,2) (1,2) (1,3) (1,1) (2,1) (2,3) }
 55:100 = { (2,1) (2,2) (3,1) (1,1) (3,3) (3,2) (1,2) (1,3) (2,3) }
 56:100 = { (2,2) (1,1) (2,3) (2,1) (3,1) (1,3) (1,2) (3,2) (3,3) }
 57:100 = { (2,2) (3,3) (3,1) (1,3) (2,3) (2,1) (1,1) (3,2) (1,2) }
 58:100 = { (2,3) (2,2) (1,1) (1,2) (3,2) (3,1) (1,3) (3,3) (2,1) }
 59:100 = { (2,1) (2,2) (3,1) (1,1) (3,3) (3,2) (1,2) (1,3) (2,3) }
 60:100 = { (1,3) (2,2) (2,3) (3,3) (1,1) (1,2) (3,2) (3,1) (2,1) }
 61:100 = { (1,1) (2,2) (3,1) (2,1) (2,3) (3,3) (3,2) (1,3) (1,2) }
 62:100 = { (2,2) (3,3) (3,1) (1,3) (2,3) (2,1) (1,2) (3,2) (1,1) }
 63:100 = { (1,2) (2,2) (3,3) (1,1) (3,1) (3,2) (1,3) (2,3) (2,1) }
 64:100 = { (1,1) (2,2) (3,1) (2,1) (2,3) (1,3) (3,3) (3,2) (1,2) }
 65:100 = { (2,1) (2,2) (3,2) (3,3) (1,1) (3,1) (1,3) (1,2) (2,3) }
 66:100 = { (1,1) (2,2) (3,3) (3,2) (1,2) (1,3) (3,1) (2,1) (2,3) }
 67:100 O { (3,2) (2,2) (1,2) (3,3) (1,1) (1,3) (2,3) (3,1) }
 68:100 = { (3,3) (2,2) (2,1) (1,1) (1,3) (2,3) (3,1) (3,2) (1,2) }
 69:100 = { (1,3) (2,2) (1,1) (1,2) (3,2) (3,3) (3,1) (2,1) (2,3) }
 70:100 = { (3,3) (2,2) (1,3) (2,3) (2,1) (3,1) (1,1) (1,2) (3,2) }
 71:100 = { (3,2) (2,2) (1,3) (3,3) (1,1) (1,2) (3,1) (2,1) (2,3) }
 72:100 = { (3,3) (2,2) (2,1) (3,1) (1,3) (2,3) (1,1) (1,2) (3,2) }
 73:100 = { (2,3) (2,2) (3,3) (1,3) (3,1) (3,2) (1,2) (1,1) (2,1) }
 74:100 = { (1,3) (2,2) (3,2) (2,3) (2,1) (1,1) (3,3) (3,1) (1,2) }
 75:100 = { (1,2) (2,2) (3,1) (1,1) (3,3) (3,2) (1,3) (2,3) (2,1) }
 76:100 = { (2,1) (2,2) (1,1) (3,1) (1,3) (1,2) (3,2) (3,3) (2,3) }
 77:100 = { (3,1) (2,2) (1,1) (2,1) (2,3) (3,3) (1,3) (1,2) (3,2) }
 78:100 = { (2,2) (1,3) (3,1) (3,3) (2,3) (2,1) (1,1) (1,2) (3,2) }
 79:100 = { (2,1) (2,2) (3,1) (1,1) (3,3) (3,2) (1,2) (1,3) (2,3) }
 80:100 = { (1,1) (2,2) (3,3) (3,2) (1,2) (1,3) (3,1) (2,1) (2,3) }
 81:100 = { (2,2) (3,1) (3,2) (1,2) (1,3) (3,3) (1,1) (2,1) (2,3) }
 82:100 = { (1,3) (2,2) (3,3) (2,3) (2,1) (1,1) (3,1) (3,2) (1,2) }
 83:100 = { (3,3) (2,2) (1,1) (1,2) (3,2) (3,1) (1,3) (2,3) (2,1) }
 84:100 = { (2,2) (1,1) (2,1) (2,3) (1,3) (3,1) (3,3) (1,2) (3,2) }
 85:100 = { (2,3) (2,2) (1,1) (1,3) (3,1) (2,1) (3,3) (3,2) (1,2) }
 86:100 = { (3,1) (2,2) (3,3) (3,2) (1,2) (1,3) (1,1) (2,1) (2,3) }
 87:100 = { (3,3) (2,2) (1,3) (2,3) (2,1) (1,1) (3,2) (3,1) (1,2) }
 88:100 = { (2,2) (1,3) (3,1) (3,3) (2,3) (2,1) (1,1) (1,2) (3,2) }
 89:100 O { (2,3) (2,2) (2,1) (1,1) (3,3) (1,3) (1,2) (3,1) }
 90:100 = { (1,3) (2,2) (3,3) (2,3) (2,1) (3,1) (1,1) (1,2) (3,2) }
 91:100 = { (1,3) (2,2) (3,1) (2,3) (2,1) (1,1) (3,3) (3,2) (1,2) }
 92:100 = { (3,1) (2,2) (1,1) (2,1) (2,3) (3,3) (1,3) (1,2) (3,2) }
 93:100 = { (3,3) (2,2) (1,1) (3,2) (1,2) (1,3) (3,1) (2,1) (2,3) }
 94:100 = { (2,2) (1,1) (3,3) (1,3) (1,2) (3,2) (3,1) (2,3) (2,1) }
 95:100 = { (1,1) (2,2) (1,3) (1,2) (3,2) (3,1) (3,3) (2,3) (2,1) }
 96:100 = { (2,2) (3,1) (3,3) (1,1) (2,1) (2,3) (1,3) (1,2) (3,2) }
 97:100 = { (2,2) (1,3) (1,1) (3,3) (2,3) (2,1) (3,1) (1,2) (3,2) }
 98:100 = { (2,2) (1,3) (3,1) (3,3) (2,3) (2,1) (1,1) (1,2) (3,2) }
 99:100 = { (2,2) (3,1) (3,3) (1,1) (2,1) (2,3) (1,3) (3,2) (1,2) }
100:100 = { (2,1) (2,2) (3,1) (1,1) (3,3) (3,2) (1,2) (1,3) (2,3) }

Tic-Tac-Toe Derby Show
iQ1[] : [0, 1, 10, 20, 30, 40, 50, 60, 70, 80, 90, 99, 100]
iQ2[] : [0, 1, 10, 20, 30, 40, 50, 60, 70, 80, 90, 99, 100]
LiQ:RiQ ? Moves:
  0:0   O { (1,3) (3,3) (1,2) (2,2) (2,3) (2,1) (3,1) (1,1) }
  0:1   = { (2,2) (3,2) (3,1) (1,3) (3,3) (1,1) (1,2) (2,3) (2,1) }
  0:10  O { (1,2) (2,2) (1,1) (1,3) (3,1) (2,1) (3,2) (2,3) }
  0:20  = { (3,3) (3,2) (1,2) (1,3) (2,2) (1,1) (2,3) (2,1) (3,1) }
  0:30  X { (3,2) (2,2) (1,3) (1,2) (3,3) (2,3) (3,1) }
  0:40  = { (1,2) (1,1) (2,2) (3,2) (2,1) (2,3) (3,1) (1,3) (3,3) }
  0:50  = { (3,1) (2,2) (1,1) (2,1) (2,3) (1,3) (3,3) (3,2) (1,2) }
  0:60  = { (2,3) (2,2) (3,1) (1,3) (1,2) (3,2) (1,1) (2,1) (3,3) }
  0:70  O { (3,1) (2,2) (1,1) (2,1) (3,2) (2,3) }
  0:80  O { (3,3) (2,2) (1,2) (2,3) (3,2) (2,1) }
  0:90  O { (2,1) (2,2) (1,3) (1,2) (2,3) (3,2) }
  0:99  O { (3,3) (2,2) (3,2) (3,1) (1,1) (1,3) }
  0:100 O { (1,2) (2,2) (2,1) (1,3) (2,3) (3,1) }
  1:0   X { (3,1) (3,2) (2,3) (1,3) (1,1) (1,2) (2,1) }
  1:1   = { (2,2) (1,3) (2,1) (2,3) (3,3) (1,1) (1,2) (3,2) (3,1) }
  1:10  = { (1,1) (2,2) (3,1) (2,1) (2,3) (3,3) (1,3) (1,2) (3,2) }
  1:20  = { (1,3) (1,2) (2,1) (2,2) (3,2) (3,3) (1,1) (3,1) (2,3) }
  1:30  = { (2,2) (1,3) (3,1) (1,1) (1,2) (3,2) (2,1) (2,3) (3,3) }
  1:40  X { (1,2) (2,2) (2,1) (2,3) (1,1) (1,3) (3,1) }
  1:50  = { (2,3) (2,2) (3,2) (3,3) (1,1) (2,1) (1,3) (1,2) (3,1) }
  1:60  = { (3,3) (2,2) (1,1) (2,3) (2,1) (3,1) (1,3) (1,2) (3,2) }
  1:70  = { (1,3) (2,2) (1,2) (1,1) (3,3) (2,3) (2,1) (3,1) (3,2) }
  1:80  = { (1,1) (2,2) (3,2) (2,1) (2,3) (1,3) (3,1) (3,3) (1,2) }
  1:90  = { (2,3) (2,2) (3,3) (1,3) (3,1) (3,2) (1,2) (1,1) (2,1) }
  1:99  O { (1,3) (2,2) (2,1) (3,1) (2,3) (3,3) (3,2) (1,1) }
  1:100 = { (2,3) (2,2) (1,3) (3,3) (1,1) (1,2) (3,2) (3,1) (2,1) }
 10:0   X { (3,1) (1,3) (3,2) (3,3) (2,3) (1,1) (1,2) (2,1) (2,2) }
 10:1   = { (1,1) (1,3) (2,2) (3,3) (2,3) (2,1) (3,1) (1,2) (3,2) }
 10:10  = { (3,1) (2,1) (2,2) (1,3) (1,2) (3,2) (1,1) (3,3) (2,3) }
 10:20  = { (1,1) (2,2) (3,1) (2,1) (2,3) (3,3) (1,2) (1,3) (3,2) }
 10:30  = { (3,1) (2,2) (1,1) (2,1) (2,3) (3,3) (1,3) (1,2) (3,2) }
 10:40  X { (1,3) (3,2) (1,1) (1,2) (2,2) (3,1) (3,3) }
 10:50  = { (1,1) (2,2) (1,3) (1,2) (3,2) (3,3) (3,1) (2,1) (2,3) }
 10:60  = { (3,3) (3,2) (2,2) (1,1) (2,1) (2,3) (1,3) (3,1) (1,2) }
 10:70  O { (2,1) (2,2) (2,3) (1,1) (3,3) (1,3) (3,1) (1,2) }
 10:80  = { (2,2) (1,3) (3,3) (1,1) (1,2) (3,2) (2,3) (2,1) (3,1) }
 10:90  = { (3,3) (2,2) (2,3) (1,3) (3,1) (3,2) (1,2) (1,1) (2,1) }
 10:99  = { (1,3) (2,2) (1,2) (1,1) (3,3) (2,3) (2,1) (3,1) (3,2) }
 10:100 = { (3,1) (2,2) (3,3) (3,2) (1,2) (1,1) (1,3) (2,3) (2,1) }
 20:0   X { (3,1) (1,1) (1,3) (2,3) (2,2) }
 20:1   = { (2,1) (3,1) (1,1) (1,2) (1,3) (2,3) (3,2) (3,3) (2,2) }
 20:10  = { (1,3) (1,1) (2,2) (3,1) (2,1) (2,3) (3,3) (1,2) (3,2) }
 20:20  O { (2,1) (2,2) (1,3) (3,1) (2,3) (3,3) (1,1) (3,2) }
 20:30  = { (2,2) (1,3) (2,1) (2,3) (3,3) (1,1) (1,2) (3,2) (3,1) }
 20:40  X { (2,1) (3,3) (1,3) (2,3) (1,1) (3,1) (1,2) }
 20:50  = { (2,1) (2,2) (1,2) (3,1) (1,3) (1,1) (3,3) (2,3) (3,2) }
 20:60  = { (2,1) (2,2) (3,3) (3,1) (1,3) (2,3) (1,1) (1,2) (3,2) }
 20:70  X { (3,3) (1,2) (3,1) (3,2) (2,2) (1,1) (1,3) }
 20:80  X { (1,2) (2,3) (2,2) (3,2) (1,1) (3,3) (1,3) }
 20:90  = { (1,3) (2,2) (3,3) (2,3) (2,1) (1,1) (3,1) (3,2) (1,2) }
 20:99  = { (1,2) (2,2) (1,1) (1,3) (3,1) (2,1) (2,3) (3,3) (3,2) }
 20:100 = { (3,2) (2,2) (3,1) (3,3) (1,1) (2,1) (2,3) (1,3) (1,2) }
 30:0   X { (3,3) (2,2) (3,1) (3,2) (1,2) (1,3) (2,1) (2,3) (1,1) }
 30:1   = { (1,3) (3,3) (2,2) (3,1) (3,2) (1,2) (1,1) (2,1) (2,3) }
 30:10  X { (2,3) (2,2) (1,1) (1,2) (3,2) (1,3) (3,1) (2,1) (3,3) }
 30:20  = { (1,3) (1,2) (3,1) (2,2) (3,2) (3,3) (1,1) (2,1) (2,3) }
 30:30  X { (3,3) (1,2) (2,2) (1,1) (1,3) (3,1) (2,3) }
 30:40  = { (3,3) (2,2) (1,3) (2,3) (2,1) (1,2) (3,2) (3,1) (1,1) }
 30:50  = { (3,2) (3,3) (3,1) (1,2) (1,3) (2,2) (1,1) (2,1) (2,3) }
 30:60  X { (3,1) (1,2) (2,2) (1,3) (1,1) (2,1) (3,3) }
 30:70  = { (1,2) (2,2) (1,1) (1,3) (3,1) (2,1) (2,3) (3,3) (3,2) }
 30:80  = { (3,2) (2,2) (1,1) (2,3) (2,1) (3,1) (1,3) (1,2) (3,3) }
 30:90  O { (3,2) (2,2) (1,1) (3,3) (1,2) (1,3) (2,3) (3,1) }
 30:99  = { (3,1) (2,2) (1,3) (3,2) (1,2) (1,1) (3,3) (2,3) (2,1) }
 30:100 = { (1,3) (2,2) (3,2) (3,1) (3,3) (2,3) (2,1) (1,1) (1,2) }
 40:0   X { (3,2) (1,3) (1,1) (2,2) (3,1) (1,2) (3,3) }
 40:1   = { (3,1) (3,3) (2,2) (1,3) (2,3) (2,1) (1,1) (1,2) (3,2) }
 40:10  = { (1,3) (2,3) (2,2) (3,1) (3,2) (1,2) (3,3) (1,1) (2,1) }
 40:20  = { (2,3) (2,2) (1,2) (2,1) (3,1) (3,3) (1,1) (1,3) (3,2) }
 40:30  X { (1,3) (3,3) (3,1) (2,2) (1,1) (2,1) (1,2) }
 40:40  O { (1,3) (1,2) (3,3) (2,3) (1,1) (2,2) (3,2) (2,1) }
 40:50  X { (2,2) (3,3) (1,1) (3,2) (3,1) (1,3) (2,1) }
 40:60  = { (2,3) (2,2) (3,1) (1,3) (1,2) (3,3) (1,1) (2,1) (3,2) }
 40:70  = { (1,1) (2,3) (3,3) (2,2) (2,1) (3,1) (1,3) (1,2) (3,2) }
 40:80  = { (2,2) (1,1) (3,2) (1,2) (1,3) (3,1) (2,1) (2,3) (3,3) }
 40:90  = { (3,2) (2,2) (2,3) (1,3) (3,1) (3,3) (1,1) (2,1) (1,2) }
 40:99  = { (2,2) (3,3) (1,3) (3,1) (3,2) (1,2) (2,3) (2,1) (1,1) }
 40:100 = { (2,3) (2,2) (1,1) (1,2) (3,2) (3,3) (3,1) (2,1) (1,3) }
 50:0   X { (2,2) (1,3) (3,2) (3,3) (1,2) }
 50:1   X { (1,1) (2,1) (2,2) (3,3) (1,3) (1,2) (3,1) }
 50:10  = { (1,3) (2,2) (1,1) (1,2) (3,2) (3,3) (3,1) (2,1) (2,3) }
 50:20  = { (3,2) (3,3) (2,2) (1,2) (2,1) (2,3) (1,3) (3,1) (1,1) }
 50:30  = { (1,3) (3,3) (2,2) (3,1) (3,2) (1,2) (1,1) (2,3) (2,1) }
 50:40  = { (2,1) (2,2) (3,2) (3,1) (1,3) (1,1) (3,3) (2,3) (1,2) }
 50:50  O { (3,2) (2,2) (1,3) (3,1) (1,2) (1,1) (3,3) (2,1) }
 50:60  = { (2,1) (1,2) (1,3) (2,2) (3,2) (3,3) (1,1) (3,1) (2,3) }
 50:70  = { (3,2) (2,2) (2,1) (1,1) (3,3) (3,1) (1,3) (2,3) (1,2) }
 50:80  = { (1,3) (2,2) (1,1) (1,2) (3,2) (3,1) (3,3) (2,3) (2,1) }
 50:90  = { (3,2) (2,2) (3,3) (3,1) (1,3) (2,3) (2,1) (1,1) (1,2) }
 50:99  = { (3,2) (2,2) (3,3) (3,1) (1,3) (2,3) (2,1) (1,1) (1,2) }
 50:100 = { (3,1) (2,2) (1,3) (3,2) (1,2) (1,1) (3,3) (2,3) (2,1) }
 60:0   X { (2,3) (2,2) (3,1) (1,3) (1,2) (3,3) (1,1) (3,2) (2,1) }
 60:1   = { (3,2) (2,2) (1,1) (3,3) (1,3) (1,2) (2,3) (3,1) (2,1) }
 60:10  = { (1,1) (2,2) (3,3) (2,3) (2,1) (3,1) (1,3) (1,2) (3,2) }
 60:20  = { (1,2) (1,1) (2,2) (3,2) (3,3) (2,1) (3,1) (1,3) (2,3) }
 60:30  = { (2,3) (2,2) (1,3) (3,3) (1,1) (1,2) (3,2) (2,1) (3,1) }
 60:40  O { (3,2) (1,3) (2,1) (3,3) (2,3) (2,2) (1,1) (3,1) }
 60:50  X { (3,2) (2,2) (1,3) (1,2) (3,3) (3,1) (2,3) }
 60:60  = { (2,1) (2,2) (1,3) (1,1) (3,3) (2,3) (3,1) (3,2) (1,2) }
 60:70  = { (1,3) (2,2) (2,1) (1,2) (3,2) (3,3) (1,1) (3,1) (2,3) }
 60:80  = { (1,3) (2,2) (3,3) (2,3) (2,1) (3,1) (1,1) (1,2) (3,2) }
 60:90  = { (3,1) (2,2) (3,3) (3,2) (1,2) (1,3) (1,1) (2,1) (2,3) }
 60:99  = { (3,1) (2,2) (1,3) (2,3) (2,1) (1,1) (3,3) (3,2) (1,2) }
 60:100 = { (1,2) (2,2) (1,3) (1,1) (3,3) (2,3) (2,1) (3,1) (3,2) }
 70:0   X { (2,2) (2,3) (1,3) (1,2) (3,1) }
 70:1   = { (2,3) (3,1) (2,2) (2,1) (1,1) (3,3) (3,2) (1,2) (1,3) }
 70:10  = { (3,2) (2,2) (3,3) (3,1) (1,3) (2,3) (2,1) (1,1) (1,2) }
 70:20  X { (3,2) (2,1) (2,2) (1,2) (3,1) (1,3) (3,3) }
 70:30  = { (1,3) (2,2) (2,3) (3,3) (1,1) (1,2) (3,2) (3,1) (2,1) }
 70:40  X { (3,3) (3,2) (2,2) (1,1) (1,3) (2,3) (3,1) }
 70:50  = { (3,3) (2,2) (1,3) (2,3) (2,1) (3,2) (1,2) (1,1) (3,1) }
 70:60  = { (3,2) (2,2) (3,1) (3,3) (1,1) (2,1) (2,3) (1,2) (1,3) }
 70:70  = { (2,2) (3,1) (1,1) (3,3) (3,2) (1,2) (1,3) (2,1) (2,3) }
 70:80  = { (1,3) (2,2) (1,1) (1,2) (3,2) (3,3) (3,1) (2,1) (2,3) }
 70:90  = { (3,3) (2,2) (1,1) (1,2) (3,2) (3,1) (1,3) (2,3) (2,1) }
 70:99  = { (1,3) (2,2) (3,3) (2,3) (2,1) (1,1) (3,1) (3,2) (1,2) }
 70:100 = { (1,1) (2,2) (1,3) (1,2) (3,2) (3,3) (3,1) (2,1) (2,3) }
 80:0   X { (1,3) (2,1) (2,2) (3,2) (3,1) }
 80:1   X { (2,2) (3,2) (1,1) (3,3) (3,1) (1,3) (2,1) }
 80:10  = { (3,2) (1,1) (2,2) (1,2) (1,3) (3,1) (2,1) (2,3) (3,3) }
 80:20  = { (1,2) (2,2) (3,3) (2,3) (2,1) (3,1) (1,3) (1,1) (3,2) }
 80:30  = { (2,3) (3,1) (2,2) (2,1) (1,1) (3,3) (3,2) (1,2) (1,3) }
 80:40  X { (2,2) (1,2) (3,1) (1,3) (1,1) (2,1) (3,3) }
 80:50  X { (2,2) (2,3) (1,3) (3,1) (1,2) (3,2) (1,1) }
 80:60  = { (3,3) (2,2) (1,1) (2,1) (2,3) (1,3) (3,1) (3,2) (1,2) }
 80:70  = { (2,1) (1,3) (2,2) (2,3) (3,3) (1,1) (1,2) (3,2) (3,1) }
 80:80  = { (2,2) (3,1) (3,3) (1,1) (2,1) (2,3) (1,3) (3,2) (1,2) }
 80:90  = { (2,3) (2,2) (3,1) (3,3) (1,1) (2,1) (1,3) (1,2) (3,2) }
 80:99  = { (1,1) (2,2) (1,2) (1,3) (3,1) (2,1) (2,3) (3,3) (3,2) }
 80:100 = { (1,3) (2,2) (1,1) (1,2) (3,2) (3,3) (3,1) (2,1) (2,3) }
 90:0   X { (3,2) (1,2) (2,2) (1,3) (1,1) (2,3) (3,3) }
 90:1   = { (2,2) (1,3) (3,3) (1,1) (1,2) (3,2) (3,1) (2,1) (2,3) }
 90:10  = { (2,2) (1,3) (1,1) (3,3) (2,3) (2,1) (3,1) (1,2) (3,2) }
 90:20  = { (2,2) (1,3) (3,3) (1,1) (1,2) (3,2) (3,1) (2,1) (2,3) }
 90:30  = { (2,2) (1,1) (3,3) (3,1) (2,1) (2,3) (1,3) (1,2) (3,2) }
 90:40  = { (3,1) (2,2) (1,3) (2,3) (2,1) (1,1) (3,3) (3,2) (1,2) }
 90:50  O { (1,1) (3,2) (2,1) (3,1) (3,3) (2,2) (1,2) (1,3) }
 90:60  = { (1,3) (2,2) (1,1) (1,2) (3,2) (2,3) (2,1) (3,1) (3,3) }
 90:70  X { (3,1) (2,2) (1,3) (3,3) (1,1) (2,1) (1,2) }
 90:80  = { (3,3) (2,2) (1,3) (2,3) (2,1) (3,1) (1,1) (1,2) (3,2) }
 90:90  = { (3,1) (2,2) (1,3) (3,2) (1,2) (1,1) (3,3) (2,3) (2,1) }
 90:99  = { (1,3) (2,2) (3,1) (3,2) (1,2) (1,1) (3,3) (2,3) (2,1) }
 90:100 = { (1,3) (2,2) (3,1) (2,1) (2,3) (3,3) (1,1) (1,2) (3,2) }
 99:0   X { (3,3) (2,1) (2,2) (1,1) (3,1) (3,2) (1,3) }
 99:1   = { (3,2) (1,3) (2,2) (1,2) (1,1) (3,3) (2,3) (2,1) (3,1) }
 99:10  = { (1,2) (1,3) (2,2) (3,2) (3,3) (1,1) (3,1) (2,3) (2,1) }
 99:20  = { (1,3) (1,1) (2,2) (3,1) (2,1) (2,3) (3,3) (3,2) (1,2) }
 99:30  = { (1,3) (2,2) (3,3) (2,3) (2,1) (3,1) (1,1) (1,2) (3,2) }
 99:40  X { (2,2) (2,3) (3,3) (1,1) (3,2) (3,1) (1,2) }
 99:50  = { (1,1) (2,2) (3,3) (1,2) (3,2) (3,1) (1,3) (2,3) (2,1) }
 99:60  = { (2,2) (3,1) (3,3) (1,1) (2,1) (2,3) (1,3) (3,2) (1,2) }
 99:70  = { (3,3) (2,2) (1,1) (1,2) (3,2) (3,1) (1,3) (2,3) (2,1) }
 99:80  = { (2,2) (1,3) (3,3) (1,1) (1,2) (3,2) (3,1) (2,3) (2,1) }
 99:90  = { (2,2) (1,1) (1,3) (3,1) (2,1) (2,3) (3,3) (3,2) (1,2) }
 99:99  = { (3,1) (2,2) (3,3) (3,2) (1,2) (1,1) (1,3) (2,3) (2,1) }
 99:100 = { (2,2) (1,3) (1,1) (3,3) (2,3) (2,1) (3,1) (1,2) (3,2) }
100:0   X { (3,3) (3,1) (2,2) (2,1) (1,1) }
100:1   X { (2,2) (1,2) (1,1) (3,3) (3,1) (2,1) (1,3) }
100:10  = { (2,1) (3,3) (2,2) (2,3) (1,3) (3,1) (3,2) (1,2) (1,1) }
100:20  X { (2,2) (2,3) (1,1) (3,3) (1,3) (3,1) (1,2) }
100:30  X { (2,1) (3,2) (2,2) (2,3) (3,1) (1,3) (1,1) }
100:40  X { (3,3) (1,1) (2,2) (3,2) (1,3) (3,1) (2,3) }
100:50  = { (3,3) (2,2) (1,3) (2,3) (2,1) (3,1) (1,1) (1,2) (3,2) }
100:60  = { (2,2) (1,3) (1,1) (3,3) (2,3) (2,1) (3,1) (1,2) (3,2) }
100:70  = { (1,2) (2,2) (1,1) (1,3) (3,1) (2,1) (2,3) (3,3) (3,2) }
100:80  = { (1,1) (2,2) (3,1) (2,1) (2,3) (3,3) (1,3) (1,2) (3,2) }
100:90  = { (1,2) (2,2) (1,1) (1,3) (3,1) (2,1) (2,3) (3,3) (3,2) }
100:99  = { (2,1) (2,2) (1,1) (3,1) (1,3) (1,2) (3,2) (3,3) (2,3) }
100:100 = { (2,1) (2,2) (1,1) (3,1) (1,3) (1,2) (3,2) (3,3) (2,3) }
Sat Nov 24 14:30:50 CST 2018

Tic-Tac-Toe Derby Statistic
iQ1[] : [100]
iQ2[] : [0, 1, 2, 3, 4, 5, 6, 7, 8, 9, 10, 11, 12, 13, 14, 15, 16, 17, 18, 19, 20, 21, 22, 23, 24, 25, 26, 27, 28, 29, 30, 31, 32, 33, 34, 35, 36, 37, 38, 39, 40, 41, 42, 43, 44, 45, 46, 47, 48, 49, 50, 51, 52, 53, 54, 55, 56, 57, 58, 59, 60, 61, 62, 63, 64, 65, 66, 67, 68, 69, 70, 71, 72, 73, 74, 75, 76, 77, 78, 79, 80, 81, 82, 83, 84, 85, 86, 87, 88, 89, 90, 91, 92, 93, 94, 95, 96, 97, 98, 99, 100]
repetition : 10000
LiQ:RiQ {   X's    ='s    O's  } of 10000 games
100:0   {   9633    367      0 }
100:1   {   5335   4665      0 }
100:2   {   5146   4854      0 }
100:3   {   5069   4931      0 }
100:4   {   5042   4958      0 }
100:5   {   5014   4986      0 }
100:6   {   4978   5022      0 }
100:7   {   4965   5035      0 }
100:8   {   4936   5064      0 }
100:9   {   4925   5075      0 }
100:10  {   4892   5108      0 }
100:11  {   4817   5183      0 }
100:12  {   4775   5225      0 }
100:13  {   4705   5295      0 }
100:14  {   4665   5335      0 }
100:15  {   4551   5449      0 }
100:16  {   4570   5430      0 }
100:17  {   4629   5371      0 }
100:18  {   4409   5591      0 }
100:19  {   4368   5632      0 }
100:20  {   4446   5554      0 }
100:21  {   4381   5619      0 }
100:22  {   4284   5716      0 }
100:23  {   4257   5743      0 }
100:24  {   4101   5899      0 }
100:25  {   4030   5970      0 }
100:26  {   4061   5939      0 }
100:27  {   4062   5938      0 }
100:28  {   3951   6049      0 }
100:29  {   3938   6062      0 }
100:30  {   3755   6245      0 }
100:31  {   3759   6241      0 }
100:32  {   3911   6089      0 }
100:33  {   3603   6397      0 }
100:34  {   3697   6303      0 }
100:35  {   3583   6417      0 }
100:36  {   3585   6415      0 }
100:37  {   3525   6475      0 }
100:38  {   3477   6523      0 }
100:39  {   3411   6589      0 }
100:40  {   3337   6663      0 }
100:41  {   3303   6697      0 }
100:42  {   3201   6799      0 }
100:43  {   3169   6831      0 }
100:44  {   3224   6776      0 }
100:45  {   3215   6785      0 }
100:46  {   3052   6948      0 }
100:47  {   2976   7024      0 }
100:48  {   2988   7012      0 }
100:49  {   2833   7167      0 }
100:50  {   2937   7063      0 }
100:51  {   2820   7180      0 }
100:52  {   2759   7241      0 }
100:53  {   2653   7347      0 }
100:54  {   2736   7264      0 }
100:55  {   2616   7384      0 }
100:56  {   2540   7460      0 }
100:57  {   2447   7553      0 }
100:58  {   2444   7556      0 }
100:59  {   2431   7569      0 }
100:60  {   2312   7688      0 }
100:61  {   2270   7730      0 }
100:62  {   2196   7804      0 }
100:63  {   2074   7926      0 }
100:64  {   2151   7849      0 }
100:65  {   2003   7997      0 }
100:66  {   1968   8032      0 }
100:67  {   1940   8060      0 }
100:68  {   1815   8185      0 }
100:69  {   1823   8177      0 }
100:70  {   1762   8238      0 }
100:71  {   1710   8290      0 }
100:72  {   1668   8332      0 }
100:73  {   1578   8422      0 }
100:74  {   1555   8445      0 }
100:75  {   1464   8536      0 }
100:76  {   1386   8614      0 }
100:77  {   1358   8642      0 }
100:78  {   1328   8672      0 }
100:79  {   1233   8767      0 }
100:80  {   1181   8819      0 }
100:81  {   1098   8902      0 }
100:82  {   1125   8875      0 }
100:83  {   1019   8981      0 }
100:84  {    972   9028      0 }
100:85  {    898   9102      0 }
100:86  {    880   9120      0 }
100:87  {    782   9218      0 }
100:88  {    723   9277      0 }
100:89  {    631   9369      0 }
100:90  {    606   9394      0 }
100:91  {    575   9425      0 }
100:92  {    502   9498      0 }
100:93  {    438   9562      0 }
100:94  {    375   9625      0 }
100:95  {    332   9668      0 }
100:96  {    239   9761      0 }
100:97  {    186   9814      0 }
100:98  {    119   9881      0 }
100:99  {     62   9938      0 }
100:100 {      0  10000      0 }
Sat Nov 24 14:31:13 CST 2018

Tic-Tac-Toe Derby Statistic
iQ1[] : [0, 1, 2, 3, 4, 5, 6, 7, 8, 9, 10, 11, 12, 13, 14, 15, 16, 17, 18, 19, 20, 21, 22, 23, 24, 25, 26, 27, 28, 29, 30, 31, 32, 33, 34, 35, 36, 37, 38, 39, 40, 41, 42, 43, 44, 45, 46, 47, 48, 49, 50, 51, 52, 53, 54, 55, 56, 57, 58, 59, 60, 61, 62, 63, 64, 65, 66, 67, 68, 69, 70, 71, 72, 73, 74, 75, 76, 77, 78, 79, 80, 81, 82, 83, 84, 85, 86, 87, 88, 89, 90, 91, 92, 93, 94, 95, 96, 97, 98, 99, 100]
iQ2[] : [100]
repetition : 10000
LiQ:RiQ {   X's    ='s    O's  } of 10000 games
  0:100 {      0   1505   8495 }
  1:100 {      0   9072    928 }
  2:100 {      0   9190    810 }
  3:100 {      0   9168    832 }
  4:100 {      0   9185    815 }
  5:100 {      0   9196    804 }
  6:100 {      0   9175    825 }
  7:100 {      0   9245    755 }
  8:100 {      0   9226    774 }
  9:100 {      0   9252    748 }
 10:100 {      0   9272    728 }
 11:100 {      0   9242    758 }
 12:100 {      0   9282    718 }
 13:100 {      0   9312    688 }
 14:100 {      0   9328    672 }
 15:100 {      0   9270    730 }
 16:100 {      0   9276    724 }
 17:100 {      0   9330    670 }
 18:100 {      0   9326    674 }
 19:100 {      0   9304    696 }
 20:100 {      0   9362    638 }
 21:100 {      0   9340    660 }
 22:100 {      0   9366    634 }
 23:100 {      0   9373    627 }
 24:100 {      0   9415    585 }
 25:100 {      0   9413    587 }
 26:100 {      0   9420    580 }
 27:100 {      0   9430    570 }
 28:100 {      0   9437    563 }
 29:100 {      0   9462    538 }
 30:100 {      0   9458    542 }
 31:100 {      0   9464    536 }
 32:100 {      0   9475    525 }
 33:100 {      0   9501    499 }
 34:100 {      0   9524    476 }
 35:100 {      0   9507    493 }
 36:100 {      0   9524    476 }
 37:100 {      0   9510    490 }
 38:100 {      0   9532    468 }
 39:100 {      0   9555    445 }
 40:100 {      0   9564    436 }
 41:100 {      0   9564    436 }
 42:100 {      0   9615    385 }
 43:100 {      0   9589    411 }
 44:100 {      0   9612    388 }
 45:100 {      0   9621    379 }
 46:100 {      0   9621    379 }
 47:100 {      0   9619    381 }
 48:100 {      0   9660    340 }
 49:100 {      0   9663    337 }
 50:100 {      0   9643    357 }
 51:100 {      0   9671    329 }
 52:100 {      0   9681    319 }
 53:100 {      0   9699    301 }
 54:100 {      0   9694    306 }
 55:100 {      0   9681    319 }
 56:100 {      0   9707    293 }
 57:100 {      0   9725    275 }
 58:100 {      0   9705    295 }
 59:100 {      0   9726    274 }
 60:100 {      0   9743    257 }
 61:100 {      0   9772    228 }
 62:100 {      0   9748    252 }
 63:100 {      0   9771    229 }
 64:100 {      0   9764    236 }
 65:100 {      0   9773    227 }
 66:100 {      0   9792    208 }
 67:100 {      0   9801    199 }
 68:100 {      0   9813    187 }
 69:100 {      0   9815    185 }
 70:100 {      0   9819    181 }
 71:100 {      0   9807    193 }
 72:100 {      0   9837    163 }
 73:100 {      0   9860    140 }
 74:100 {      0   9847    153 }
 75:100 {      0   9858    142 }
 76:100 {      0   9854    146 }
 77:100 {      0   9880    120 }
 78:100 {      0   9881    119 }
 79:100 {      0   9885    115 }
 80:100 {      0   9890    110 }
 81:100 {      0   9906     94 }
 82:100 {      0   9890    110 }
 83:100 {      0   9899    101 }
 84:100 {      0   9925     75 }
 85:100 {      0   9932     68 }
 86:100 {      0   9928     72 }
 87:100 {      0   9937     63 }
 88:100 {      0   9965     35 }
 89:100 {      0   9942     58 }
 90:100 {      0   9944     56 }
 91:100 {      0   9961     39 }
 92:100 {      0   9949     51 }
 93:100 {      0   9969     31 }
 94:100 {      0   9974     26 }
 95:100 {      0   9980     20 }
 96:100 {      0   9985     15 }
 97:100 {      0   9988     12 }
 98:100 {      0   9994      6 }
 99:100 {      0   9995      5 }
100:100 {      0  10000      0 }
Sat Nov 24 14:31:37 CST 2018

Tic-Tac-Toe Derby Statistic
iQ1[] : [0, 1, 10, 20, 30, 40, 50, 60, 70, 80, 90, 99, 100]
iQ2[] : [0, 1, 10, 20, 30, 40, 50, 60, 70, 80, 90, 99, 100]
repetition : 10000
LiQ:RiQ {   X's    ='s    O's  } of 10000 games
  0:0   {   5838   1296   2866 }
  0:1   {    605   2434   6961 }
  0:10  {    585   2315   7100 }
  0:20  {    466   2221   7313 }
  0:30  {    415   2094   7491 }
  0:40  {    302   1993   7705 }
  0:50  {    260   1909   7831 }
  0:60  {    212   1894   7894 }
  0:70  {    126   1834   8040 }
  0:80  {    103   1663   8234 }
  0:90  {     41   1605   8354 }
  0:99  {      4   1494   8502 }
  0:100 {      0   1466   8534 }
  1:0   {   8950    915    135 }
  1:1   {   3150   5088   1762 }
  1:10  {   2841   5505   1654 }
  1:20  {   2475   5872   1653 }
  1:30  {   2144   6222   1634 }
  1:40  {   1966   6542   1492 }
  1:50  {   1576   7016   1408 }
  1:60  {   1258   7423   1319 }
  1:70  {   1012   7844   1144 }
  1:80  {    679   8251   1070 }
  1:90  {    304   8735    961 }
  1:99  {     33   9070    897 }
  1:100 {      0   9174    826 }
 10:0   {   9135    751    114 }
 10:1   {   3280   5231   1489 }
 10:10  {   3053   5457   1490 }
 10:20  {   2647   5906   1447 }
 10:30  {   2308   6334   1358 }
 10:40  {   2051   6714   1235 }
 10:50  {   1665   7154   1181 }
 10:60  {   1342   7509   1149 }
 10:70  {   1037   7902   1061 }
 10:80  {    669   8386    945 }
 10:90  {    315   8833    852 }
 10:99  {     40   9153    807 }
 10:100 {      0   9224    776 }
 20:0   {   9145    782     73 }
 20:1   {   3557   5136   1307 }
 20:10  {   3187   5607   1206 }
 20:20  {   2915   5888   1197 }
 20:30  {   2470   6446   1084 }
 20:40  {   2180   6784   1036 }
 20:50  {   1820   7188    992 }
 20:60  {   1506   7579    915 }
 20:70  {   1127   7946    927 }
 20:80  {    783   8357    860 }
 20:90  {    370   8835    795 }
 20:99  {     28   9336    636 }
 20:100 {      0   9342    658 }
 30:0   {   9268    659     73 }
 30:1   {   3750   5167   1083 }
 30:10  {   3452   5549    999 }
 30:20  {   2976   6034    990 }
 30:30  {   2729   6301    970 }
 30:40  {   2261   6917    822 }
 30:50  {   1992   7170    838 }
 30:60  {   1619   7519    862 }
 30:70  {   1164   8138    698 }
 30:80  {    775   8520    705 }
 30:90  {    427   8986    587 }
 30:99  {     34   9416    550 }
 30:100 {      0   9471    529 }
 40:0   {   9331    602     67 }
 40:1   {   3909   5197    894 }
 40:10  {   3675   5551    774 }
 40:20  {   3270   5907    823 }
 40:30  {   2812   6391    797 }
 40:40  {   2438   6843    719 }
 40:50  {   2068   7227    705 }
 40:60  {   1673   7705    622 }
 40:70  {   1283   8098    619 }
 40:80  {    842   8609    549 }
 40:90  {    415   9121    464 }
 40:99  {     34   9551    415 }
 40:100 {      0   9535    465 }
 50:0   {   9434    519     47 }
 50:1   {   4231   5102    667 }
 50:10  {   3749   5631    620 }
 50:20  {   3373   5981    646 }
 50:30  {   2980   6358    662 }
 50:40  {   2668   6789    543 }
 50:50  {   2203   7245    552 }
 50:60  {   1808   7657    535 }
 50:70  {   1309   8200    491 }
 50:80  {    892   8677    431 }
 50:90  {    456   9154    390 }
 50:99  {     42   9596    362 }
 50:100 {      0   9633    367 }
 60:0   {   9433    521     46 }
 60:1   {   4391   5116    493 }
 60:10  {   4089   5445    466 }
 60:20  {   3644   5868    488 }
 60:30  {   3181   6372    447 }
 60:40  {   2788   6792    420 }
 60:50  {   2311   7267    422 }
 60:60  {   1892   7727    381 }
 60:70  {   1415   8240    345 }
 60:80  {    906   8751    343 }
 60:90  {    476   9253    271 }
 60:99  {     60   9688    252 }
 60:100 {      0   9709    291 }
 70:0   {   9523    452     25 }
 70:1   {   4654   4982    364 }
 70:10  {   4287   5378    335 }
 70:20  {   3807   5855    338 }
 70:30  {   3360   6309    331 }
 70:40  {   2857   6814    329 }
 70:50  {   2461   7245    294 }
 70:60  {   1985   7745    270 }
 70:70  {   1512   8229    259 }
 70:80  {   1050   8719    231 }
 70:90  {    522   9274    204 }
 70:99  {     51   9773    176 }
 70:100 {      0   9824    176 }
 80:0   {   9569    421     10 }
 80:1   {   4819   4952    229 }
 80:10  {   4445   5342    213 }
 80:20  {   3974   5844    182 }
 80:30  {   3573   6239    188 }
 80:40  {   3068   6774    158 }
 80:50  {   2644   7178    178 }
 80:60  {   2062   7753    185 }
 80:70  {   1645   8208    147 }
 80:80  {   1050   8810    140 }
 80:90  {    530   9345    125 }
 80:99  {     63   9824    113 }
 80:100 {      0   9891    109 }
 90:0   {   9631    363      6 }
 90:1   {   5101   4776    123 }
 90:10  {   4609   5283    108 }
 90:20  {   4185   5727     88 }
 90:30  {   3650   6269     81 }
 90:40  {   3187   6727     86 }
 90:50  {   2679   7237     84 }
 90:60  {   2132   7797     71 }
 90:70  {   1729   8213     58 }
 90:80  {   1137   8794     69 }
 90:90  {    532   9421     47 }
 90:99  {     57   9904     39 }
 90:100 {      0   9952     48 }
 99:0   {   9632    368      0 }
 99:1   {   5271   4718     11 }
 99:10  {   4793   5200      7 }
 99:20  {   4374   5619      7 }
 99:30  {   3926   6065      9 }
 99:40  {   3351   6639     10 }
 99:50  {   2788   7207      5 }
 99:60  {   2310   7680     10 }
 99:70  {   1725   8268      7 }
 99:80  {   1208   8789      3 }
 99:90  {    593   9404      3 }
 99:99  {     58   9936      6 }
 99:100 {      0   9995      5 }
100:0   {   9684    316      0 }
100:1   {   5240   4760      0 }
100:10  {   4869   5131      0 }
100:20  {   4423   5577      0 }
100:30  {   3885   6115      0 }
100:40  {   3385   6615      0 }
100:50  {   2820   7180      0 }
100:60  {   2374   7626      0 }
100:70  {   1816   8184      0 }
100:80  {   1132   8868      0 }
100:90  {    587   9413      0 }
100:99  {     73   9927      0 }
100:100 {      0  10000      0 }
Sat Nov 24 14:32:10 CST 2018
