Sat Nov 24 14:33:55 CST 2018

Tic-Tac-Toe Derby Show
iQ1[] : [100]
iQ2[] : [0, 1, 2, 3, 4, 5, 6, 7, 8, 9, 10, 11, 12, 13, 14, 15, 16, 17, 18, 19, 20, 21, 22, 23, 24, 25, 26, 27, 28, 29, 30, 31, 32, 33, 34, 35, 36, 37, 38, 39, 40, 41, 42, 43, 44, 45, 46, 47, 48, 49, 50, 51, 52, 53, 54, 55, 56, 57, 58, 59, 60, 61, 62, 63, 64, 65, 66, 67, 68, 69, 70, 71, 72, 73, 74, 75, 76, 77, 78, 79, 80, 81, 82, 83, 84, 85, 86, 87, 88, 89, 90, 91, 92, 93, 94, 95, 96, 97, 98, 99, 100]
LiQ:RiQ ? Moves:
100:0   X { (1,2) (2,3) (2,2) (3,1) (3,2) }
100:1   X { (3,3) (1,2) (2,2) (1,1) (1,3) (2,3) (3,1) }
100:2   X { (1,3) (1,2) (2,2) (3,1) (2,3) (2,1) (3,3) }
100:3   = { (2,1) (3,1) (2,2) (2,3) (3,2) (1,2) (1,1) (3,3) (1,3) }
100:4   = { (2,2) (3,1) (1,1) (3,3) (3,2) (1,2) (1,3) (2,3) (2,1) }
100:5   = { (1,2) (1,1) (2,2) (3,2) (2,1) (2,3) (3,3) (1,3) (3,1) }
100:6   = { (1,3) (1,1) (2,2) (3,1) (2,1) (2,3) (3,3) (3,2) (1,2) }
100:7   X { (2,2) (1,3) (3,1) (2,1) (3,2) (3,3) (1,2) }
100:8   X { (1,3) (2,1) (2,2) (3,1) (1,1) (3,3) (1,2) }
100:9   = { (3,2) (1,1) (2,2) (1,2) (1,3) (3,1) (2,1) (2,3) (3,3) }
100:10  = { (2,2) (3,1) (1,3) (3,3) (3,2) (1,2) (1,1) (2,3) (2,1) }
100:11  X { (3,3) (1,1) (2,2) (2,3) (3,2) (3,1) (1,2) }
100:12  X { (2,2) (3,1) (1,3) (1,2) (2,3) (3,3) (2,1) }
100:13  = { (2,1) (2,2) (1,1) (3,1) (1,3) (1,2) (3,2) (2,3) (3,3) }
100:14  X { (1,2) (2,1) (2,2) (3,2) (1,3) (1,1) (3,1) }
100:15  X { (2,2) (3,3) (1,1) (1,2) (2,1) (2,3) (3,1) }
100:16  X { (1,1) (3,2) (2,2) (3,3) (3,1) (2,1) (1,3) }
100:17  X { (3,1) (3,2) (2,2) (1,3) (2,1) (1,1) (2,3) }
100:18  X { (2,2) (2,3) (1,3) (3,1) (1,2) (3,2) (1,1) }
100:19  = { (2,1) (3,1) (2,2) (2,3) (3,2) (1,2) (3,3) (1,1) (1,3) }
100:20  X { (3,1) (2,3) (2,2) (1,3) (3,3) (1,1) (3,2) }
100:21  = { (2,3) (1,3) (2,2) (2,1) (1,2) (3,2) (3,3) (1,1) (3,1) }
100:22  = { (2,2) (1,3) (3,3) (1,1) (1,2) (3,2) (3,1) (2,3) (2,1) }
100:23  = { (2,2) (3,3) (1,1) (1,3) (2,3) (2,1) (3,1) (1,2) (3,2) }
100:24  = { (2,3) (2,2) (3,3) (1,3) (3,1) (3,2) (1,2) (2,1) (1,1) }
100:25  X { (2,1) (1,2) (2,2) (2,3) (3,1) (1,3) (1,1) }
100:26  = { (3,3) (2,2) (1,3) (2,3) (2,1) (1,1) (3,1) (3,2) (1,2) }
100:27  X { (2,2) (3,1) (1,3) (1,2) (2,3) (2,1) (3,3) }
100:28  = { (3,1) (2,2) (1,1) (2,1) (2,3) (1,3) (3,3) (3,2) (1,2) }
100:29  = { (2,2) (1,1) (3,1) (1,3) (1,2) (3,2) (3,3) (2,1) (2,3) }
100:30  = { (3,3) (3,1) (2,2) (1,1) (2,1) (2,3) (1,3) (1,2) (3,2) }
100:31  = { (3,1) (1,3) (2,2) (3,3) (2,3) (2,1) (1,1) (1,2) (3,2) }
100:32  = { (1,1) (3,1) (2,2) (3,3) (3,2) (1,2) (1,3) (2,3) (2,1) }
100:33  = { (3,1) (2,2) (1,3) (1,2) (3,2) (3,3) (1,1) (2,1) (2,3) }
100:34  X { (1,1) (3,2) (2,2) (3,3) (3,1) (1,3) (2,1) }
100:35  X { (2,2) (1,2) (3,3) (1,1) (1,3) (3,1) (2,3) }
100:36  = { (2,2) (3,3) (1,3) (3,1) (3,2) (1,2) (1,1) (2,1) (2,3) }
100:37  X { (1,1) (1,2) (2,2) (3,3) (3,1) (2,1) (1,3) }
100:38  = { (3,2) (2,2) (3,3) (3,1) (1,3) (2,3) (2,1) (1,1) (1,2) }
100:39  = { (2,2) (1,1) (3,3) (1,3) (1,2) (3,2) (3,1) (2,1) (2,3) }
100:40  X { (1,3) (3,2) (2,2) (3,1) (3,3) (2,3) (1,1) }
100:41  = { (3,2) (2,2) (1,1) (3,3) (1,3) (1,2) (3,1) (2,1) (2,3) }
100:42  X { (2,3) (3,2) (2,2) (2,1) (1,3) (3,3) (3,1) }
100:43  = { (1,1) (2,2) (1,3) (1,2) (3,2) (3,3) (3,1) (2,1) (2,3) }
100:44  X { (2,2) (3,3) (1,1) (1,2) (2,1) (2,3) (3,1) }
100:45  = { (2,2) (1,3) (3,1) (1,1) (1,2) (3,2) (3,3) (2,1) (2,3) }
100:46  = { (2,2) (3,1) (1,3) (3,3) (3,2) (1,2) (1,1) (2,1) (2,3) }
100:47  = { (3,2) (2,2) (3,3) (3,1) (1,3) (2,3) (2,1) (1,1) (1,2) }
100:48  = { (3,1) (2,2) (3,3) (3,2) (1,2) (2,3) (2,1) (1,1) (1,3) }
100:49  = { (3,3) (2,2) (1,3) (2,3) (2,1) (1,1) (3,1) (3,2) (1,2) }
100:50  X { (2,2) (1,3) (3,1) (1,2) (1,1) (2,1) (3,3) }
100:51  = { (1,1) (2,2) (3,3) (2,1) (2,3) (1,3) (3,1) (3,2) (1,2) }
100:52  = { (2,2) (1,3) (3,1) (1,1) (1,2) (3,2) (3,3) (2,1) (2,3) }
100:53  = { (3,2) (2,2) (3,1) (3,3) (1,1) (2,1) (2,3) (1,3) (1,2) }
100:54  X { (1,3) (3,2) (2,2) (3,1) (3,3) (2,3) (1,1) }
100:55  X { (2,2) (3,1) (1,3) (1,2) (2,3) (3,3) (2,1) }
100:56  = { (2,2) (1,1) (3,1) (1,3) (1,2) (3,2) (3,3) (2,3) (2,1) }
100:57  X { (2,2) (2,3) (1,1) (3,3) (1,3) (1,2) (3,1) }
100:58  = { (1,2) (2,2) (1,3) (1,1) (3,3) (2,3) (2,1) (3,1) (3,2) }
100:59  = { (2,2) (3,1) (3,3) (1,1) (2,1) (2,3) (1,3) (1,2) (3,2) }
100:60  = { (1,1) (2,2) (1,3) (1,2) (3,2) (3,1) (3,3) (2,3) (2,1) }
100:61  = { (2,2) (3,3) (1,3) (3,1) (3,2) (1,2) (1,1) (2,1) (2,3) }
100:62  X { (1,1) (1,2) (2,2) (3,3) (3,1) (1,3) (2,1) }
100:63  = { (2,2) (3,1) (3,3) (1,1) (2,1) (2,3) (1,3) (3,2) (1,2) }
100:64  = { (1,2) (2,2) (3,3) (2,3) (2,1) (1,1) (1,3) (3,2) (3,1) }
100:65  = { (3,3) (2,2) (1,1) (2,1) (2,3) (1,3) (3,1) (3,2) (1,2) }
100:66  = { (2,1) (3,3) (2,2) (2,3) (1,3) (3,1) (3,2) (1,2) (1,1) }
100:67  = { (2,1) (2,2) (3,3) (3,1) (1,3) (2,3) (1,1) (1,2) (3,2) }
100:68  = { (2,2) (1,3) (1,1) (3,3) (2,3) (2,1) (3,1) (3,2) (1,2) }
100:69  = { (1,3) (2,2) (3,3) (2,3) (2,1) (3,1) (1,1) (1,2) (3,2) }
100:70  = { (1,1) (2,2) (3,3) (3,2) (1,2) (1,3) (3,1) (2,1) (2,3) }
100:71  = { (2,2) (3,1) (3,3) (1,1) (2,1) (2,3) (1,3) (3,2) (1,2) }
100:72  = { (3,1) (2,2) (1,1) (2,1) (2,3) (1,3) (3,3) (3,2) (1,2) }
100:73  = { (2,2) (1,1) (3,3) (3,1) (2,1) (2,3) (1,3) (1,2) (3,2) }
100:74  X { (3,1) (2,3) (2,2) (1,3) (3,3) (3,2) (1,1) }
100:75  = { (3,2) (2,2) (1,3) (3,3) (1,1) (1,2) (3,1) (2,1) (2,3) }
100:76  = { (2,3) (2,2) (3,3) (1,3) (3,1) (3,2) (1,2) (2,1) (1,1) }
100:77  = { (1,2) (2,2) (3,3) (1,3) (3,1) (3,2) (1,1) (2,1) (2,3) }
100:78  = { (2,2) (1,1) (1,3) (3,1) (2,1) (2,3) (3,3) (3,2) (1,2) }
100:79  = { (2,2) (1,1) (3,3) (1,3) (1,2) (3,2) (3,1) (2,3) (2,1) }
100:80  = { (3,3) (2,2) (3,1) (3,2) (1,2) (1,1) (1,3) (2,3) (2,1) }
100:81  = { (3,1) (2,2) (1,1) (2,1) (2,3) (3,2) (1,2) (1,3) (3,3) }
100:82  X { (1,3) (3,2) (2,2) (3,1) (3,3) (1,1) (2,3) }
100:83  X { (3,2) (2,3) (2,2) (1,2) (3,3) (3,1) (1,1) }
100:84  = { (2,2) (3,1) (1,1) (3,3) (3,2) (1,2) (1,3) (2,3) (2,1) }
100:85  = { (1,3) (2,2) (3,3) (2,3) (2,1) (1,1) (3,1) (3,2) (1,2) }
100:86  = { (1,3) (2,2) (3,1) (3,2) (1,2) (1,1) (3,3) (2,3) (2,1) }
100:87  = { (1,1) (2,2) (3,1) (2,1) (2,3) (3,3) (1,3) (1,2) (3,2) }
100:88  = { (3,1) (2,2) (1,1) (2,1) (2,3) (1,3) (3,3) (3,2) (1,2) }
100:89  = { (1,1) (2,2) (3,3) (2,3) (2,1) (3,1) (1,3) (1,2) (3,2) }
100:90  = { (2,2) (1,1) (3,3) (3,1) (2,1) (2,3) (1,3) (3,2) (1,2) }
100:91  = { (1,3) (2,2) (3,1) (2,1) (2,3) (3,3) (1,1) (1,2) (3,2) }
100:92  = { (3,2) (2,2) (1,3) (2,3) (2,1) (3,1) (3,3) (1,1) (1,2) }
100:93  X { (3,2) (2,2) (1,3) (1,2) (3,3) (2,3) (3,1) }
100:94  = { (1,3) (2,2) (3,1) (3,2) (1,2) (1,1) (3,3) (2,3) (2,1) }
100:95  = { (2,2) (1,1) (1,3) (3,1) (2,1) (2,3) (3,3) (3,2) (1,2) }
100:96  = { (2,1) (2,2) (1,3) (3,1) (3,3) (2,3) (1,1) (1,2) (3,2) }
100:97  = { (2,2) (1,1) (3,1) (1,3) (1,2) (3,2) (3,3) (2,1) (2,3) }
100:98  = { (3,3) (2,2) (1,1) (2,1) (2,3) (1,3) (3,1) (3,2) (1,2) }
100:99  = { (2,1) (2,2) (1,3) (3,1) (3,2) (3,3) (1,1) (1,2) (2,3) }
100:100 = { (1,3) (2,2) (3,3) (2,3) (2,1) (3,1) (1,1) (1,2) (3,2) }

Tic-Tac-Toe Derby Show
iQ1[] : [0, 1, 2, 3, 4, 5, 6, 7, 8, 9, 10, 11, 12, 13, 14, 15, 16, 17, 18, 19, 20, 21, 22, 23, 24, 25, 26, 27, 28, 29, 30, 31, 32, 33, 34, 35, 36, 37, 38, 39, 40, 41, 42, 43, 44, 45, 46, 47, 48, 49, 50, 51, 52, 53, 54, 55, 56, 57, 58, 59, 60, 61, 62, 63, 64, 65, 66, 67, 68, 69, 70, 71, 72, 73, 74, 75, 76, 77, 78, 79, 80, 81, 82, 83, 84, 85, 86, 87, 88, 89, 90, 91, 92, 93, 94, 95, 96, 97, 98, 99, 100]
iQ2[] : [100]
LiQ:RiQ ? Moves:
  0:100 O { (3,1) (2,2) (1,2) (2,1) (1,3) (2,3) }
  1:100 = { (3,3) (2,2) (3,2) (3,1) (1,3) (2,3) (2,1) (1,1) (1,2) }
  2:100 = { (1,2) (2,2) (1,3) (1,1) (3,3) (2,3) (2,1) (3,1) (3,2) }
  3:100 = { (1,2) (2,2) (2,3) (3,3) (1,1) (1,3) (3,1) (2,1) (3,2) }
  4:100 = { (3,2) (2,2) (2,1) (3,3) (1,1) (3,1) (1,3) (1,2) (2,3) }
  5:100 = { (3,3) (2,2) (2,3) (1,3) (3,1) (3,2) (1,2) (1,1) (2,1) }
  6:100 = { (3,3) (2,2) (3,2) (3,1) (1,3) (2,3) (2,1) (1,1) (1,2) }
  7:100 = { (1,1) (2,2) (2,1) (3,1) (1,3) (1,2) (3,2) (3,3) (2,3) }
  8:100 = { (1,1) (2,2) (2,3) (1,2) (3,2) (3,3) (3,1) (2,1) (1,3) }
  9:100 = { (2,2) (1,3) (3,2) (1,2) (1,1) (3,3) (2,3) (2,1) (3,1) }
 10:100 = { (1,2) (2,2) (3,1) (1,3) (1,1) (2,1) (2,3) (3,3) (3,2) }
 11:100 = { (3,1) (2,2) (1,3) (2,1) (2,3) (3,3) (1,1) (1,2) (3,2) }
 12:100 = { (1,1) (2,2) (1,2) (1,3) (3,1) (2,1) (2,3) (3,3) (3,2) }
 13:100 = { (3,1) (2,2) (1,2) (2,1) (2,3) (3,3) (1,1) (1,3) (3,2) }
 14:100 = { (3,3) (2,2) (3,2) (3,1) (1,3) (2,3) (2,1) (1,1) (1,2) }
 15:100 O { (3,3) (2,2) (1,2) (1,1) (3,2) (3,1) (2,1) (1,3) }
 16:100 = { (1,2) (2,2) (2,1) (3,1) (1,3) (1,1) (3,3) (2,3) (3,2) }
 17:100 = { (1,1) (2,2) (3,3) (1,2) (3,2) (3,1) (1,3) (2,3) (2,1) }
 18:100 = { (2,1) (2,2) (3,1) (1,1) (3,3) (3,2) (1,2) (1,3) (2,3) }
 19:100 = { (3,2) (2,2) (3,1) (3,3) (1,1) (2,1) (2,3) (1,3) (1,2) }
 20:100 = { (2,2) (1,3) (3,3) (1,1) (1,2) (3,2) (2,3) (2,1) (3,1) }
 21:100 = { (3,3) (2,2) (1,2) (2,3) (2,1) (1,1) (1,3) (3,1) (3,2) }
 22:100 = { (3,1) (2,2) (3,3) (3,2) (1,2) (1,3) (2,3) (1,1) (2,1) }
 23:100 = { (3,1) (2,2) (1,2) (2,1) (2,3) (1,3) (1,1) (3,3) (3,2) }
 24:100 = { (3,3) (2,2) (1,3) (2,3) (2,1) (1,1) (3,1) (3,2) (1,2) }
 25:100 = { (1,3) (2,2) (1,1) (1,2) (3,2) (3,1) (3,3) (2,3) (2,1) }
 26:100 = { (2,2) (3,3) (2,3) (2,1) (1,1) (1,2) (1,3) (3,1) (3,2) }
 27:100 = { (2,3) (2,2) (1,3) (3,3) (1,1) (1,2) (3,2) (3,1) (2,1) }
 28:100 = { (2,3) (2,2) (1,3) (3,3) (1,1) (1,2) (3,2) (3,1) (2,1) }
 29:100 O { (2,3) (2,2) (2,1) (3,1) (1,3) (3,3) (1,1) (3,2) }
 30:100 = { (3,2) (2,2) (1,3) (3,1) (2,1) (1,1) (3,3) (2,3) (1,2) }
 31:100 = { (1,1) (2,2) (1,3) (1,2) (3,2) (3,1) (3,3) (2,3) (2,1) }
 32:100 = { (3,1) (2,2) (1,2) (1,3) (3,3) (3,2) (2,3) (1,1) (2,1) }
 33:100 = { (2,2) (1,3) (2,1) (2,3) (3,3) (1,1) (1,2) (3,2) (3,1) }
 34:100 = { (1,3) (2,2) (1,2) (1,1) (3,3) (2,3) (2,1) (3,1) (3,2) }
 35:100 = { (1,1) (2,2) (2,3) (1,3) (3,1) (2,1) (3,2) (3,3) (1,2) }
 36:100 = { (3,2) (2,2) (2,3) (3,3) (1,1) (1,3) (3,1) (2,1) (1,2) }
 37:100 = { (1,3) (2,2) (1,1) (1,2) (3,2) (3,3) (3,1) (2,1) (2,3) }
 38:100 = { (1,3) (2,2) (3,1) (2,1) (2,3) (3,3) (1,1) (1,2) (3,2) }
 39:100 = { (3,2) (2,2) (1,3) (2,3) (2,1) (3,1) (1,2) (1,1) (3,3) }
 40:100 = { (2,1) (2,2) (1,3) (1,1) (3,3) (2,3) (3,1) (3,2) (1,2) }
 41:100 = { (1,3) (2,2) (1,2) (1,1) (3,3) (2,3) (2,1) (3,1) (3,2) }
 42:100 = { (3,1) (2,2) (1,3) (2,1) (2,3) (3,3) (1,1) (1,2) (3,2) }
 43:100 = { (3,1) (2,2) (1,1) (2,1) (2,3) (3,3) (3,2) (1,3) (1,2) }
 44:100 = { (2,2) (1,1) (3,1) (1,3) (1,2) (3,2) (3,3) (2,1) (2,3) }
 45:100 = { (2,3) (2,2) (3,1) (3,2) (1,2) (1,1) (3,3) (1,3) (2,1) }
 46:100 = { (1,3) (2,2) (1,1) (1,2) (3,2) (3,1) (3,3) (2,3) (2,1) }
 47:100 = { (3,2) (2,2) (3,1) (3,3) (1,1) (2,1) (2,3) (1,3) (1,2) }
 48:100 = { (1,3) (2,2) (1,1) (1,2) (3,2) (3,3) (3,1) (2,1) (2,3) }
 49:100 = { (1,1) (2,2) (3,1) (2,1) (2,3) (3,3) (1,3) (1,2) (3,2) }
 50:100 = { (1,1) (2,2) (3,2) (2,1) (2,3) (1,3) (3,1) (3,3) (1,2) }
 51:100 = { (1,2) (2,2) (1,3) (1,1) (3,3) (2,3) (2,1) (3,1) (3,2) }
 52:100 = { (2,2) (1,1) (1,3) (3,1) (2,1) (2,3) (3,3) (1,2) (3,2) }
 53:100 = { (3,1) (2,2) (1,3) (2,3) (2,1) (1,1) (3,3) (3,2) (1,2) }
 54:100 = { (3,2) (2,2) (1,3) (2,3) (2,1) (1,1) (3,3) (3,1) (1,2) }
 55:100 = { (3,1) (2,2) (2,3) (3,2) (1,2) (1,3) (1,1) (2,1) (3,3) }
 56:100 = { (2,2) (1,1) (1,3) (3,1) (2,1) (2,3) (3,3) (1,2) (3,2) }
 57:100 = { (3,2) (2,2) (2,1) (1,1) (3,3) (3,1) (1,3) (2,3) (1,2) }
 58:100 = { (2,3) (2,2) (1,1) (1,3) (3,1) (2,1) (1,2) (3,3) (3,2) }
 59:100 = { (3,3) (2,2) (1,2) (2,3) (2,1) (1,1) (3,1) (3,2) (1,3) }
 60:100 = { (1,1) (2,2) (2,3) (3,3) (3,1) (2,1) (1,3) (1,2) (3,2) }
 61:100 = { (1,2) (2,2) (2,1) (1,3) (3,1) (1,1) (3,3) (3,2) (2,3) }
 62:100 = { (1,1) (2,2) (3,1) (2,1) (2,3) (1,3) (3,2) (3,3) (1,2) }
 63:100 = { (3,1) (2,2) (2,1) (1,1) (3,3) (3,2) (1,2) (1,3) (2,3) }
 64:100 = { (1,1) (2,2) (3,3) (3,2) (1,2) (1,3) (3,1) (2,1) (2,3) }
 65:100 = { (2,2) (1,3) (1,1) (3,3) (2,3) (2,1) (3,1) (1,2) (3,2) }
 66:100 = { (1,1) (2,2) (3,1) (2,1) (2,3) (1,3) (3,3) (3,2) (1,2) }
 67:100 = { (2,2) (3,3) (1,3) (3,1) (3,2) (1,2) (1,1) (2,1) (2,3) }
 68:100 = { (2,3) (2,2) (1,3) (3,3) (1,1) (1,2) (3,2) (3,1) (2,1) }
 69:100 = { (3,2) (2,2) (3,3) (3,1) (1,3) (2,3) (2,1) (1,1) (1,2) }
 70:100 = { (2,3) (2,2) (1,1) (3,3) (3,1) (2,1) (1,2) (1,3) (3,2) }
 71:100 = { (3,1) (2,2) (1,1) (2,1) (2,3) (1,3) (3,3) (3,2) (1,2) }
 72:100 = { (1,3) (2,2) (1,2) (1,1) (3,3) (2,3) (2,1) (3,1) (3,2) }
 73:100 = { (1,1) (2,2) (1,2) (1,3) (3,1) (2,1) (2,3) (3,3) (3,2) }
 74:100 = { (2,2) (1,1) (3,1) (1,3) (1,2) (3,2) (2,1) (2,3) (3,3) }
 75:100 = { (1,1) (2,2) (3,3) (2,3) (2,1) (3,1) (1,3) (1,2) (3,2) }
 76:100 = { (3,2) (2,2) (1,1) (3,3) (2,3) (3,1) (1,3) (1,2) (2,1) }
 77:100 = { (2,3) (2,2) (1,1) (1,3) (3,1) (2,1) (3,3) (3,2) (1,2) }
 78:100 = { (3,3) (2,2) (1,3) (2,3) (2,1) (1,1) (3,1) (3,2) (1,2) }
 79:100 = { (3,3) (2,2) (3,1) (3,2) (1,2) (1,3) (1,1) (2,1) (2,3) }
 80:100 = { (1,3) (2,2) (3,3) (2,3) (2,1) (1,1) (3,1) (3,2) (1,2) }
 81:100 = { (1,1) (2,2) (3,3) (1,2) (3,2) (3,1) (1,3) (2,3) (2,1) }
 82:100 = { (3,2) (2,2) (1,3) (3,1) (2,1) (1,1) (3,3) (2,3) (1,2) }
 83:100 = { (2,3) (2,2) (1,1) (1,3) (3,1) (2,1) (3,3) (3,2) (1,2) }
 84:100 = { (3,2) (2,2) (1,3) (3,1) (1,1) (1,2) (3,3) (2,3) (2,1) }
 85:100 = { (1,3) (2,2) (1,1) (1,2) (3,2) (3,3) (3,1) (2,1) (2,3) }
 86:100 = { (1,3) (2,2) (1,1) (1,2) (3,2) (3,1) (3,3) (2,3) (2,1) }
 87:100 = { (3,2) (2,2) (3,3) (3,1) (1,3) (2,3) (2,1) (1,1) (1,2) }
 88:100 = { (3,1) (2,2) (1,3) (3,2) (1,2) (1,1) (3,3) (2,3) (2,1) }
 89:100 = { (1,3) (2,2) (3,3) (2,3) (2,1) (1,1) (3,1) (3,2) (1,2) }
 90:100 = { (1,2) (2,2) (1,1) (1,3) (3,1) (2,1) (2,3) (3,3) (3,2) }
 91:100 = { (2,1) (2,2) (3,3) (3,2) (1,2) (1,3) (3,1) (1,1) (2,3) }
 92:100 = { (1,1) (2,2) (3,1) (2,1) (2,3) (3,3) (1,3) (1,2) (3,2) }
 93:100 = { (2,2) (3,1) (3,3) (1,1) (2,1) (2,3) (1,3) (1,2) (3,2) }
 94:100 = { (2,1) (2,2) (1,1) (3,1) (1,3) (1,2) (3,2) (3,3) (2,3) }
 95:100 = { (3,3) (2,2) (1,1) (2,1) (2,3) (1,3) (3,1) (3,2) (1,2) }
 96:100 = { (1,1) (2,2) (3,1) (2,1) (2,3) (1,3) (3,3) (3,2) (1,2) }
 97:100 = { (2,1) (2,2) (1,3) (1,2) (3,2) (3,3) (1,1) (3,1) (2,3) }
 98:100 = { (1,3) (2,2) (1,1) (1,2) (3,2) (3,3) (3,1) (2,1) (2,3) }
 99:100 = { (3,1) (2,2) (1,1) (2,1) (2,3) (3,3) (1,3) (1,2) (3,2) }
100:100 = { (1,2) (2,2) (1,3) (1,1) (3,3) (2,3) (2,1) (3,1) (3,2) }

Tic-Tac-Toe Derby Show
iQ1[] : [0, 1, 10, 20, 30, 40, 50, 60, 70, 80, 90, 99, 100]
iQ2[] : [0, 1, 10, 20, 30, 40, 50, 60, 70, 80, 90, 99, 100]
LiQ:RiQ ? Moves:
  0:0   = { (1,1) (1,3) (3,2) (3,3) (2,3) (1,2) (3,1) (2,1) (2,2) }
  0:1   O { (2,1) (3,3) (1,1) (3,1) (2,2) (3,2) }
  0:10  O { (2,1) (1,3) (3,1) (1,1) (3,3) (1,2) }
  0:20  O { (3,3) (1,1) (3,2) (3,1) (1,2) (2,1) }
  0:30  O { (2,1) (2,3) (3,2) (2,2) (1,2) (1,3) (3,1) (3,3) }
  0:40  O { (1,1) (2,3) (1,2) (1,3) (3,1) (3,3) }
  0:50  O { (3,1) (2,2) (1,3) (2,3) (3,3) (2,1) }
  0:60  O { (3,1) (2,2) (3,2) (3,3) (2,1) (1,1) }
  0:70  O { (1,3) (2,2) (1,1) (1,2) (3,1) (3,2) }
  0:80  O { (3,3) (2,2) (1,1) (2,1) (1,3) (2,3) }
  0:90  = { (3,1) (2,2) (1,3) (3,2) (1,2) (1,1) (3,3) (2,3) (2,1) }
  0:99  O { (1,3) (2,2) (2,3) (3,3) (1,2) (1,1) }
  0:100 O { (1,3) (2,2) (3,1) (1,2) (2,1) (3,2) }
  1:0   X { (3,2) (1,2) (2,3) (1,1) (1,3) (2,2) (3,3) }
  1:1   O { (3,3) (1,1) (3,2) (3,1) (2,1) (1,3) (2,2) (1,2) }
  1:10  = { (3,2) (2,3) (3,3) (3,1) (2,1) (1,1) (1,2) (2,2) (1,3) }
  1:20  X { (3,2) (1,3) (3,3) (3,1) (2,2) (1,2) (1,1) }
  1:30  = { (3,1) (2,2) (2,3) (1,3) (3,2) (3,3) (1,1) (2,1) (1,2) }
  1:40  = { (1,3) (1,2) (3,1) (2,2) (3,2) (3,3) (1,1) (2,1) (2,3) }
  1:50  X { (3,2) (2,2) (1,1) (1,2) (3,1) (2,1) (3,3) }
  1:60  = { (2,2) (3,3) (1,1) (1,3) (2,3) (2,1) (3,1) (3,2) (1,2) }
  1:70  = { (1,3) (2,2) (3,2) (3,1) (1,1) (1,2) (2,3) (3,3) (2,1) }
  1:80  = { (2,2) (1,3) (1,1) (3,3) (2,3) (2,1) (3,1) (3,2) (1,2) }
  1:90  O { (1,2) (2,2) (3,2) (1,1) (3,3) (3,1) (2,1) (1,3) }
  1:99  O { (2,3) (2,2) (2,1) (1,1) (3,3) (1,3) (1,2) (3,1) }
  1:100 = { (2,2) (1,1) (1,3) (3,1) (2,1) (2,3) (3,2) (1,2) (3,3) }
 10:0   X { (2,3) (3,2) (2,2) (1,1) (2,1) }
 10:1   = { (1,3) (3,2) (3,1) (2,2) (1,2) (1,1) (3,3) (2,3) (2,1) }
 10:10  O { (3,2) (2,2) (1,3) (3,1) (1,2) (1,1) (3,3) (2,1) }
 10:20  = { (2,3) (2,2) (1,3) (3,3) (1,1) (1,2) (3,2) (3,1) (2,1) }
 10:30  X { (3,1) (3,2) (1,1) (2,1) (1,3) (2,2) (1,2) }
 10:40  = { (2,2) (1,3) (3,1) (1,1) (1,2) (3,2) (3,3) (2,3) (2,1) }
 10:50  O { (3,2) (2,2) (1,2) (1,1) (3,3) (3,1) (2,1) (1,3) }
 10:60  = { (2,1) (2,2) (3,3) (1,1) (3,1) (3,2) (1,2) (1,3) (2,3) }
 10:70  = { (2,3) (2,2) (3,2) (2,1) (1,3) (3,3) (1,1) (1,2) (3,1) }
 10:80  = { (2,2) (3,3) (3,1) (1,3) (2,3) (2,1) (1,1) (3,2) (1,2) }
 10:90  = { (2,1) (1,2) (3,3) (2,2) (3,2) (3,1) (1,3) (2,3) (1,1) }
 10:99  = { (3,3) (2,2) (2,3) (1,3) (3,1) (3,2) (1,2) (1,1) (2,1) }
 10:100 = { (1,2) (2,2) (3,3) (1,1) (1,3) (2,3) (2,1) (3,1) (3,2) }
 20:0   X { (1,1) (3,2) (3,1) (2,1) (3,3) (2,3) (2,2) }
 20:1   X { (3,1) (1,2) (2,2) (1,3) (1,1) (3,3) (2,1) }
 20:10  X { (1,1) (3,3) (1,3) (1,2) (3,2) (2,3) (3,1) (2,2) (2,1) }
 20:20  = { (2,1) (3,1) (1,3) (1,1) (1,2) (3,2) (3,3) (2,3) (2,2) }
 20:30  X { (1,3) (3,3) (3,1) (2,2) (1,1) (2,1) (1,2) }
 20:40  X { (2,3) (1,3) (3,3) (3,1) (2,2) (1,1) (2,1) }
 20:50  = { (3,1) (2,2) (1,3) (3,2) (1,2) (1,1) (3,3) (2,3) (2,1) }
 20:60  = { (3,2) (3,3) (3,1) (2,2) (1,1) (2,1) (2,3) (1,3) (1,2) }
 20:70  = { (2,2) (3,1) (1,2) (3,2) (3,3) (1,1) (2,1) (2,3) (1,3) }
 20:80  = { (2,2) (1,3) (3,1) (3,3) (2,3) (2,1) (1,2) (3,2) (1,1) }
 20:90  = { (3,3) (2,2) (1,2) (1,3) (3,1) (3,2) (1,1) (2,1) (2,3) }
 20:99  = { (2,2) (1,3) (3,1) (3,3) (2,3) (2,1) (3,2) (1,2) (1,1) }
 20:100 = { (2,2) (1,1) (1,2) (3,2) (3,3) (1,3) (3,1) (2,3) (2,1) }
 30:0   X { (3,2) (2,3) (1,2) (2,2) (2,1) (1,1) (3,3) (1,3) (3,1) }
 30:1   X { (1,3) (1,2) (2,2) (3,1) (3,3) (2,3) (1,1) }
 30:10  X { (3,1) (2,1) (1,2) (2,3) (2,2) (1,3) (3,2) }
 30:20  O { (3,3) (2,3) (3,2) (3,1) (1,3) (2,1) (1,1) (2,2) }
 30:30  = { (1,3) (2,2) (3,2) (2,1) (2,3) (3,3) (1,1) (1,2) (3,1) }
 30:40  O { (3,2) (2,2) (1,2) (1,1) (3,3) (3,1) (1,3) (2,1) }
 30:50  = { (2,1) (2,2) (1,2) (1,3) (3,1) (1,1) (3,3) (3,2) (2,3) }
 30:60  X { (2,3) (1,1) (1,3) (3,3) (2,2) (2,1) (3,1) }
 30:70  = { (3,3) (2,2) (3,1) (3,2) (1,2) (1,1) (2,1) (1,3) (2,3) }
 30:80  = { (1,3) (2,2) (1,1) (1,2) (3,2) (3,1) (2,3) (3,3) (2,1) }
 30:90  = { (2,2) (3,1) (3,2) (1,2) (2,1) (2,3) (1,3) (1,1) (3,3) }
 30:99  = { (1,3) (2,2) (3,3) (2,3) (2,1) (3,1) (1,2) (1,1) (3,2) }
 30:100 = { (2,3) (2,2) (3,3) (1,3) (3,1) (3,2) (1,2) (1,1) (2,1) }
 40:0   X { (3,3) (1,2) (2,2) (1,1) (1,3) (3,2) (2,3) }
 40:1   X { (1,3) (3,2) (2,2) (3,1) (3,3) (2,3) (1,1) }
 40:10  O { (2,2) (3,2) (2,3) (2,1) (1,2) (3,1) (1,1) (3,3) }
 40:20  X { (1,3) (3,3) (1,2) (1,1) (2,2) (3,2) (3,1) }
 40:30  = { (1,3) (2,2) (3,2) (2,1) (2,3) (3,3) (1,1) (1,2) (3,1) }
 40:40  = { (2,2) (3,3) (3,2) (1,2) (1,1) (2,3) (1,3) (3,1) (2,1) }
 40:50  = { (3,1) (2,2) (2,3) (3,3) (1,1) (2,1) (1,3) (1,2) (3,2) }
 40:60  = { (3,3) (2,2) (1,1) (3,2) (1,2) (1,3) (3,1) (2,1) (2,3) }
 40:70  = { (3,1) (2,2) (1,3) (2,3) (2,1) (1,1) (3,3) (3,2) (1,2) }
 40:80  X { (3,2) (2,2) (1,3) (2,3) (2,1) (3,3) (1,1) (3,1) (1,2) }
 40:90  = { (1,3) (2,2) (3,1) (2,3) (2,1) (1,1) (3,3) (3,2) (1,2) }
 40:99  = { (1,1) (2,2) (1,3) (1,2) (3,2) (3,1) (3,3) (2,3) (2,1) }
 40:100 = { (2,3) (2,2) (1,3) (3,3) (1,1) (1,2) (3,2) (3,1) (2,1) }
 50:0   = { (2,3) (2,2) (1,2) (1,3) (3,1) (1,1) (3,3) (3,2) (2,1) }
 50:1   X { (1,1) (2,2) (3,3) (1,3) (3,1) (2,1) (3,2) }
 50:10  O { (3,2) (3,1) (2,2) (1,2) (3,3) (1,1) (1,3) (2,1) }
 50:20  = { (2,1) (3,1) (2,2) (2,3) (3,3) (1,1) (1,3) (3,2) (1,2) }
 50:30  = { (2,2) (3,3) (3,1) (1,3) (2,3) (2,1) (3,2) (1,2) (1,1) }
 50:40  X { (3,2) (3,3) (2,3) (1,3) (2,2) (1,2) (2,1) }
 50:50  = { (2,2) (3,1) (1,3) (3,3) (3,2) (1,2) (2,1) (2,3) (1,1) }
 50:60  X { (2,2) (3,2) (3,3) (1,1) (2,3) (1,3) (2,1) }
 50:70  = { (1,1) (2,2) (1,3) (1,2) (3,2) (3,1) (2,3) (3,3) (2,1) }
 50:80  = { (2,1) (2,2) (3,3) (3,1) (1,3) (2,3) (1,1) (1,2) (3,2) }
 50:90  = { (1,1) (2,2) (3,3) (1,2) (3,2) (3,1) (1,3) (2,3) (2,1) }
 50:99  = { (1,3) (2,2) (3,1) (2,3) (2,1) (1,1) (3,3) (3,2) (1,2) }
 50:100 = { (2,1) (2,2) (3,1) (1,1) (3,3) (3,2) (1,2) (1,3) (2,3) }
 60:0   X { (2,2) (1,1) (3,1) (1,2) (1,3) }
 60:1   = { (3,3) (1,3) (2,2) (1,1) (1,2) (3,2) (3,1) (2,1) (2,3) }
 60:10  O { (2,2) (3,3) (2,3) (2,1) (1,3) (3,1) (3,2) (1,1) }
 60:20  = { (1,1) (3,3) (2,2) (3,1) (3,2) (1,2) (1,3) (2,1) (2,3) }
 60:30  = { (1,3) (2,2) (2,1) (1,2) (3,2) (3,3) (1,1) (3,1) (2,3) }
 60:40  = { (1,3) (1,1) (2,2) (3,1) (2,1) (2,3) (3,3) (1,2) (3,2) }
 60:50  = { (1,1) (2,2) (1,3) (1,2) (3,2) (2,3) (2,1) (3,1) (3,3) }
 60:60  X { (1,3) (3,1) (2,2) (2,1) (1,1) (3,3) (1,2) }
 60:70  = { (2,2) (3,3) (2,3) (2,1) (3,2) (1,2) (1,1) (1,3) (3,1) }
 60:80  = { (2,2) (3,1) (1,1) (3,3) (3,2) (1,2) (1,3) (2,1) (2,3) }
 60:90  = { (3,1) (1,1) (2,2) (1,3) (1,2) (3,2) (3,3) (2,1) (2,3) }
 60:99  = { (2,2) (1,1) (3,1) (1,3) (1,2) (3,2) (3,3) (2,1) (2,3) }
 60:100 = { (1,3) (2,2) (3,3) (2,3) (2,1) (1,1) (3,1) (3,2) (1,2) }
 70:0   X { (1,3) (3,2) (1,2) (2,3) (1,1) }
 70:1   = { (2,2) (1,3) (1,1) (3,3) (2,3) (2,1) (3,1) (1,2) (3,2) }
 70:10  X { (1,3) (3,3) (3,1) (2,2) (1,1) (1,2) (2,1) }
 70:20  = { (1,3) (2,2) (1,1) (1,2) (3,2) (2,3) (2,1) (3,1) (3,3) }
 70:30  X { (3,1) (3,2) (2,2) (1,3) (1,1) (2,1) (3,3) }
 70:40  = { (2,2) (3,2) (3,3) (1,1) (1,2) (1,3) (3,1) (2,1) (2,3) }
 70:50  = { (2,1) (2,2) (3,3) (3,1) (1,3) (2,3) (1,1) (1,2) (3,2) }
 70:60  = { (3,1) (2,2) (1,1) (2,1) (2,3) (1,2) (3,2) (3,3) (1,3) }
 70:70  = { (3,3) (2,2) (1,3) (2,3) (2,1) (1,1) (3,1) (3,2) (1,2) }
 70:80  = { (3,1) (2,2) (3,3) (3,2) (1,2) (1,1) (1,3) (2,3) (2,1) }
 70:90  X { (2,2) (1,3) (3,1) (2,1) (3,2) (1,2) (3,3) }
 70:99  = { (3,1) (2,2) (3,3) (3,2) (1,2) (1,1) (2,1) (1,3) (2,3) }
 70:100 = { (2,1) (2,2) (1,1) (3,1) (1,3) (1,2) (3,2) (3,3) (2,3) }
 80:0   X { (1,3) (1,1) (2,2) (3,3) (3,1) }
 80:1   X { (2,2) (2,1) (1,1) (3,3) (1,2) (3,2) (1,3) }
 80:10  = { (2,2) (3,3) (2,1) (2,3) (1,3) (3,1) (3,2) (1,2) (1,1) }
 80:20  = { (2,2) (2,3) (2,1) (3,1) (3,2) (1,2) (1,1) (3,3) (1,3) }
 80:30  = { (2,2) (3,3) (1,3) (3,1) (3,2) (1,2) (1,1) (2,3) (2,1) }
 80:40  = { (2,1) (1,1) (2,2) (2,3) (1,2) (3,2) (3,3) (1,3) (3,1) }
 80:50  = { (1,3) (2,2) (3,1) (1,2) (3,2) (3,3) (1,1) (2,1) (2,3) }
 80:60  = { (1,3) (2,2) (3,1) (1,2) (3,2) (3,3) (1,1) (2,1) (2,3) }
 80:70  = { (1,2) (2,2) (3,1) (1,1) (3,3) (3,2) (1,3) (2,3) (2,1) }
 80:80  = { (1,3) (1,1) (2,2) (3,1) (2,1) (2,3) (3,3) (3,2) (1,2) }
 80:90  = { (2,2) (1,3) (2,1) (2,3) (3,3) (1,1) (1,2) (3,2) (3,1) }
 80:99  X { (2,1) (2,2) (1,3) (2,3) (1,1) (1,2) (3,1) }
 80:100 = { (1,3) (2,2) (3,3) (2,3) (2,1) (3,1) (3,2) (1,1) (1,2) }
 90:0   X { (2,3) (1,2) (2,2) (1,3) (2,1) }
 90:1   X { (1,1) (2,3) (2,2) (3,3) (1,3) (1,2) (3,1) }
 90:10  X { (3,1) (2,3) (2,2) (1,3) (3,3) (1,1) (3,2) }
 90:20  = { (1,3) (2,2) (3,1) (3,2) (1,2) (1,1) (3,3) (2,3) (2,1) }
 90:30  X { (3,2) (2,1) (2,2) (1,2) (3,3) (3,1) (1,1) }
 90:40  = { (1,1) (2,2) (3,1) (2,1) (2,3) (1,2) (3,2) (3,3) (1,3) }
 90:50  = { (2,3) (2,2) (1,3) (3,3) (1,1) (1,2) (3,2) (2,1) (3,1) }
 90:60  X { (3,3) (2,1) (2,2) (1,1) (3,1) (1,3) (3,2) }
 90:70  X { (3,2) (2,2) (1,1) (1,3) (3,1) (2,1) (3,3) }
 90:80  = { (2,2) (3,3) (1,1) (3,1) (3,2) (1,2) (1,3) (2,3) (2,1) }
 90:90  = { (3,2) (2,2) (3,3) (3,1) (1,3) (2,3) (2,1) (1,1) (1,2) }
 90:99  = { (3,1) (2,2) (1,3) (2,3) (2,1) (1,1) (3,3) (3,2) (1,2) }
 90:100 = { (1,1) (2,2) (3,3) (1,2) (3,2) (3,1) (1,3) (2,3) (2,1) }
 99:0   X { (3,2) (2,1) (2,2) (1,3) (1,2) }
 99:1   X { (2,2) (1,3) (3,1) (2,3) (3,3) (3,2) (1,1) }
 99:10  X { (1,2) (2,1) (2,2) (3,2) (1,3) (3,1) (1,1) }
 99:20  = { (2,3) (3,1) (2,2) (2,1) (1,1) (3,3) (3,2) (1,2) (1,3) }
 99:30  X { (2,2) (2,1) (1,1) (3,3) (1,2) (1,3) (3,2) }
 99:40  X { (3,1) (1,2) (2,2) (1,3) (1,1) (3,3) (2,1) }
 99:50  = { (1,3) (2,2) (3,1) (1,2) (3,2) (3,3) (1,1) (2,1) (2,3) }
 99:60  = { (3,2) (2,2) (1,1) (3,3) (1,3) (1,2) (3,1) (2,1) (2,3) }
 99:70  X { (1,1) (2,3) (2,2) (3,3) (1,3) (3,1) (1,2) }
 99:80  = { (3,3) (2,2) (3,1) (3,2) (1,2) (1,1) (1,3) (2,3) (2,1) }
 99:90  = { (1,3) (2,2) (3,3) (2,3) (2,1) (3,1) (1,1) (1,2) (3,2) }
 99:99  = { (1,3) (2,2) (1,1) (1,2) (3,2) (3,3) (3,1) (2,1) (2,3) }
 99:100 = { (1,3) (2,2) (3,3) (2,3) (2,1) (3,1) (1,1) (1,2) (3,2) }
100:0   X { (2,2) (2,3) (1,3) (2,1) (3,1) }
100:1   X { (2,2) (3,2) (1,1) (3,3) (3,1) (1,3) (2,1) }
100:10  = { (1,1) (2,2) (3,3) (1,2) (3,2) (3,1) (1,3) (2,3) (2,1) }
100:20  X { (3,1) (3,2) (2,2) (1,3) (2,1) (2,3) (1,1) }
100:30  = { (3,3) (1,3) (2,2) (1,1) (1,2) (3,2) (3,1) (2,3) (2,1) }
100:40  X { (2,1) (2,2) (1,3) (3,3) (1,1) (3,1) (1,2) }
100:50  = { (1,2) (2,2) (1,1) (1,3) (3,1) (2,1) (2,3) (3,2) (3,3) }
100:60  = { (2,2) (3,3) (1,3) (3,1) (3,2) (1,2) (1,1) (2,3) (2,1) }
100:70  = { (2,2) (3,1) (3,3) (1,1) (2,1) (2,3) (1,3) (3,2) (1,2) }
100:80  = { (2,3) (2,2) (1,3) (3,3) (1,1) (1,2) (3,2) (3,1) (2,1) }
100:90  = { (3,3) (2,2) (1,3) (2,3) (2,1) (3,1) (1,1) (1,2) (3,2) }
100:99  = { (1,1) (2,2) (3,3) (2,3) (2,1) (3,1) (1,3) (1,2) (3,2) }
100:100 = { (2,3) (2,2) (3,1) (3,3) (1,1) (2,1) (1,3) (1,2) (3,2) }
Sat Nov 24 14:33:55 CST 2018

Tic-Tac-Toe Derby Statistic
iQ1[] : [100]
iQ2[] : [0, 1, 2, 3, 4, 5, 6, 7, 8, 9, 10, 11, 12, 13, 14, 15, 16, 17, 18, 19, 20, 21, 22, 23, 24, 25, 26, 27, 28, 29, 30, 31, 32, 33, 34, 35, 36, 37, 38, 39, 40, 41, 42, 43, 44, 45, 46, 47, 48, 49, 50, 51, 52, 53, 54, 55, 56, 57, 58, 59, 60, 61, 62, 63, 64, 65, 66, 67, 68, 69, 70, 71, 72, 73, 74, 75, 76, 77, 78, 79, 80, 81, 82, 83, 84, 85, 86, 87, 88, 89, 90, 91, 92, 93, 94, 95, 96, 97, 98, 99, 100]
repetition : 100000
LiQ:RiQ {   X's    ='s    O's  } of 100000 games
100:0   {  96413   3587      0 }
100:1   {  53299  46701      0 }
100:2   {  52170  47830      0 }
100:3   {  51777  48223      0 }
100:4   {  51037  48963      0 }
100:5   {  50495  49505      0 }
100:6   {  50291  49709      0 }
100:7   {  49980  50020      0 }
100:8   {  49324  50676      0 }
100:9   {  48745  51255      0 }
100:10  {  48645  51355      0 }
100:11  {  47988  52012      0 }
100:12  {  47486  52514      0 }
100:13  {  46912  53088      0 }
100:14  {  46724  53276      0 }
100:15  {  45993  54007      0 }
100:16  {  45784  54216      0 }
100:17  {  45063  54937      0 }
100:18  {  44555  55445      0 }
100:19  {  43903  56097      0 }
100:20  {  43592  56408      0 }
100:21  {  43034  56966      0 }
100:22  {  42626  57374      0 }
100:23  {  42086  57914      0 }
100:24  {  41689  58311      0 }
100:25  {  41182  58818      0 }
100:26  {  40284  59716      0 }
100:27  {  40104  59896      0 }
100:28  {  39558  60442      0 }
100:29  {  39281  60719      0 }
100:30  {  39058  60942      0 }
100:31  {  38258  61742      0 }
100:32  {  37607  62393      0 }
100:33  {  37051  62949      0 }
100:34  {  36561  63439      0 }
100:35  {  36134  63866      0 }
100:36  {  35701  64299      0 }
100:37  {  35194  64806      0 }
100:38  {  34780  65220      0 }
100:39  {  34092  65908      0 }
100:40  {  33499  66501      0 }
100:41  {  33197  66803      0 }
100:42  {  32898  67102      0 }
100:43  {  31941  68059      0 }
100:44  {  31472  68528      0 }
100:45  {  30946  69054      0 }
100:46  {  30590  69410      0 }
100:47  {  30082  69918      0 }
100:48  {  29495  70505      0 }
100:49  {  28850  71150      0 }
100:50  {  28577  71423      0 }
100:51  {  27764  72236      0 }
100:52  {  27434  72566      0 }
100:53  {  26689  73311      0 }
100:54  {  26538  73462      0 }
100:55  {  25912  74088      0 }
100:56  {  25025  74975      0 }
100:57  {  24708  75292      0 }
100:58  {  24029  75971      0 }
100:59  {  23554  76446      0 }
100:60  {  22962  77038      0 }
100:61  {  22546  77454      0 }
100:62  {  21902  78098      0 }
100:63  {  21616  78384      0 }
100:64  {  20951  79049      0 }
100:65  {  20221  79779      0 }
100:66  {  19829  80171      0 }
100:67  {  19118  80882      0 }
100:68  {  18607  81393      0 }
100:69  {  18317  81683      0 }
100:70  {  17393  82607      0 }
100:71  {  16962  83038      0 }
100:72  {  16591  83409      0 }
100:73  {  15798  84202      0 }
100:74  {  15355  84645      0 }
100:75  {  14846  85154      0 }
100:76  {  14014  85986      0 }
100:77  {  13521  86479      0 }
100:78  {  13095  86905      0 }
100:79  {  12373  87627      0 }
100:80  {  11857  88143      0 }
100:81  {  11179  88821      0 }
100:82  {  10509  89491      0 }
100:83  {  10095  89905      0 }
100:84  {   9563  90437      0 }
100:85  {   9097  90903      0 }
100:86  {   8416  91584      0 }
100:87  {   7693  92307      0 }
100:88  {   7328  92672      0 }
100:89  {   6537  93463      0 }
100:90  {   6038  93962      0 }
100:91  {   5454  94546      0 }
100:92  {   4897  95103      0 }
100:93  {   4215  95785      0 }
100:94  {   3694  96306      0 }
100:95  {   3097  96903      0 }
100:96  {   2461  97539      0 }
100:97  {   1852  98148      0 }
100:98  {   1190  98810      0 }
100:99  {    638  99362      0 }
100:100 {      0 100000      0 }
Sat Nov 24 14:37:48 CST 2018

Tic-Tac-Toe Derby Statistic
iQ1[] : [0, 1, 2, 3, 4, 5, 6, 7, 8, 9, 10, 11, 12, 13, 14, 15, 16, 17, 18, 19, 20, 21, 22, 23, 24, 25, 26, 27, 28, 29, 30, 31, 32, 33, 34, 35, 36, 37, 38, 39, 40, 41, 42, 43, 44, 45, 46, 47, 48, 49, 50, 51, 52, 53, 54, 55, 56, 57, 58, 59, 60, 61, 62, 63, 64, 65, 66, 67, 68, 69, 70, 71, 72, 73, 74, 75, 76, 77, 78, 79, 80, 81, 82, 83, 84, 85, 86, 87, 88, 89, 90, 91, 92, 93, 94, 95, 96, 97, 98, 99, 100]
iQ2[] : [100]
repetition : 100000
LiQ:RiQ {   X's    ='s    O's  } of 100000 games
  0:100 {      0  15050  84950 }
  1:100 {      0  91439   8561 }
  2:100 {      0  91412   8588 }
  3:100 {      0  91707   8293 }
  4:100 {      0  91888   8112 }
  5:100 {      0  91806   8194 }
  6:100 {      0  92121   7879 }
  7:100 {      0  92090   7910 }
  8:100 {      0  92180   7820 }
  9:100 {      0  92342   7658 }
 10:100 {      0  92606   7394 }
 11:100 {      0  92596   7404 }
 12:100 {      0  92702   7298 }
 13:100 {      0  92775   7225 }
 14:100 {      0  92930   7070 }
 15:100 {      0  93034   6966 }
 16:100 {      0  93101   6899 }
 17:100 {      0  93250   6750 }
 18:100 {      0  93483   6517 }
 19:100 {      0  93470   6530 }
 20:100 {      0  93647   6353 }
 21:100 {      0  93754   6246 }
 22:100 {      0  93822   6178 }
 23:100 {      0  93944   6056 }
 24:100 {      0  93998   6002 }
 25:100 {      0  94103   5897 }
 26:100 {      0  94219   5781 }
 27:100 {      0  94412   5588 }
 28:100 {      0  94497   5503 }
 29:100 {      0  94479   5521 }
 30:100 {      0  94571   5429 }
 31:100 {      0  94958   5042 }
 32:100 {      0  94875   5125 }
 33:100 {      0  94910   5090 }
 34:100 {      0  95087   4913 }
 35:100 {      0  95125   4875 }
 36:100 {      0  95117   4883 }
 37:100 {      0  95300   4700 }
 38:100 {      0  95341   4659 }
 39:100 {      0  95499   4501 }
 40:100 {      0  95707   4293 }
 41:100 {      0  95703   4297 }
 42:100 {      0  95860   4140 }
 43:100 {      0  95956   4044 }
 44:100 {      0  96008   3992 }
 45:100 {      0  96233   3767 }
 46:100 {      0  96194   3806 }
 47:100 {      0  96399   3601 }
 48:100 {      0  96523   3477 }
 49:100 {      0  96506   3494 }
 50:100 {      0  96625   3375 }
 51:100 {      0  96651   3349 }
 52:100 {      0  96761   3239 }
 53:100 {      0  96791   3209 }
 54:100 {      0  97002   2998 }
 55:100 {      0  97047   2953 }
 56:100 {      0  97082   2918 }
 57:100 {      0  97191   2809 }
 58:100 {      0  97248   2752 }
 59:100 {      0  97251   2749 }
 60:100 {      0  97415   2585 }
 61:100 {      0  97521   2479 }
 62:100 {      0  97617   2383 }
 63:100 {      0  97691   2309 }
 64:100 {      0  97723   2277 }
 65:100 {      0  97858   2142 }
 66:100 {      0  97910   2090 }
 67:100 {      0  97970   2030 }
 68:100 {      0  98040   1960 }
 69:100 {      0  98185   1815 }
 70:100 {      0  98201   1799 }
 71:100 {      0  98335   1665 }
 72:100 {      0  98311   1689 }
 73:100 {      0  98413   1587 }
 74:100 {      0  98502   1498 }
 75:100 {      0  98573   1427 }
 76:100 {      0  98646   1354 }
 77:100 {      0  98727   1273 }
 78:100 {      0  98732   1268 }
 79:100 {      0  98921   1079 }
 80:100 {      0  98884   1116 }
 81:100 {      0  98972   1028 }
 82:100 {      0  99042    958 }
 83:100 {      0  99099    901 }
 84:100 {      0  99101    899 }
 85:100 {      0  99242    758 }
 86:100 {      0  99226    774 }
 87:100 {      0  99335    665 }
 88:100 {      0  99470    530 }
 89:100 {      0  99447    553 }
 90:100 {      0  99470    530 }
 91:100 {      0  99591    409 }
 92:100 {      0  99618    382 }
 93:100 {      0  99669    331 }
 94:100 {      0  99668    332 }
 95:100 {      0  99779    221 }
 96:100 {      0  99796    204 }
 97:100 {      0  99884    116 }
 98:100 {      0  99902     98 }
 99:100 {      0  99950     50 }
100:100 {      0 100000      0 }
Sat Nov 24 14:42:05 CST 2018

Tic-Tac-Toe Derby Statistic
iQ1[] : [0, 1, 10, 20, 30, 40, 50, 60, 70, 80, 90, 99, 100]
iQ2[] : [0, 1, 10, 20, 30, 40, 50, 60, 70, 80, 90, 99, 100]
repetition : 100000
LiQ:RiQ {   X's    ='s    O's  } of 100000 games
  0:0   {  58260  12832  28908 }
  0:1   {   6116  23724  70160 }
  0:10  {   5387  23000  71613 }
  0:20  {   4665  22338  72997 }
  0:30  {   4010  21381  74609 }
  0:40  {   3217  20350  76433 }
  0:50  {   2677  19419  77904 }
  0:60  {   2001  18848  79151 }
  0:70  {   1440  17695  80865 }
  0:80  {    864  16850  82286 }
  0:90  {    402  15932  83666 }
  0:99  {     34  15012  84954 }
  0:100 {      0  15015  84985 }
  1:0   {  89565   9180   1255 }
  1:1   {  31028  51614  17358 }
  1:10  {  28342  54964  16694 }
  1:20  {  25238  58591  16171 }
  1:30  {  21991  62455  15554 }
  1:40  {  19113  66333  14554 }
  1:50  {  15986  70016  13998 }
  1:60  {  12746  74369  12885 }
  1:70  {   9698  78413  11889 }
  1:80  {   6359  82526  11115 }
  1:90  {   3217  86821   9962 }
  1:99  {    330  90838   8832 }
  1:100 {      0  91294   8706 }
 10:0   {  90610   8241   1149 }
 10:1   {  33110  51836  15054 }
 10:10  {  29944  55395  14661 }
 10:20  {  27336  58774  13890 }
 10:30  {  23755  63051  13194 }
 10:40  {  20375  66653  12972 }
 10:50  {  17004  70925  12071 }
 10:60  {  13671  75018  11311 }
 10:70  {  10389  79033  10578 }
 10:80  {   6995  83358   9647 }
 10:90  {   3444  88000   8556 }
 10:99  {    332  92087   7581 }
 10:100 {      0  92446   7554 }
 20:0   {  91666   7397    937 }
 20:1   {  35197  51994  12809 }
 20:10  {  32034  55744  12222 }
 20:20  {  28895  59192  11913 }
 20:30  {  25085  63454  11461 }
 20:40  {  21844  67356  10800 }
 20:50  {  18177  71368  10455 }
 20:60  {  14578  75801   9621 }
 20:70  {  11185  79895   8920 }
 20:80  {   7458  84263   8279 }
 20:90  {   3703  89003   7294 }
 20:99  {    395  93171   6434 }
 20:100 {      0  93648   6352 }
 30:0   {  92638   6618    744 }
 30:1   {  37752  51801  10447 }
 30:10  {  34141  55704  10155 }
 30:20  {  30527  59698   9775 }
 30:30  {  26844  63634   9522 }
 30:40  {  23227  67742   9031 }
 30:50  {  19444  72067   8489 }
 30:60  {  16006  75798   8196 }
 30:70  {  11821  80741   7438 }
 30:80  {   7753  85367   6880 }
 30:90  {   4049  89880   6071 }
 30:99  {    431  94232   5337 }
 30:100 {      0  94676   5324 }
 40:0   {  93347   6050    603 }
 40:1   {  39709  51706   8585 }
 40:10  {  35857  55756   8387 }
 40:20  {  32208  59966   7826 }
 40:30  {  28440  63751   7809 }
 40:40  {  24480  68135   7385 }
 40:50  {  20650  72383   6967 }
 40:60  {  16589  76792   6619 }
 40:70  {  12533  81332   6135 }
 40:80  {   8330  86116   5554 }
 40:90  {   4296  90756   4948 }
 40:99  {    403  95241   4356 }
 40:100 {      0  95593   4407 }
 50:0   {  94186   5357    457 }
 50:1   {  41809  51470   6721 }
 50:10  {  37902  55782   6316 }
 50:20  {  33992  59630   6378 }
 50:30  {  30257  63731   6012 }
 50:40  {  26083  68086   5831 }
 50:50  {  21978  72561   5461 }
 50:60  {  17855  76870   5275 }
 50:70  {  13583  81680   4737 }
 50:80  {   8972  86673   4355 }
 50:90  {   4599  91527   3874 }
 50:99  {    444  96071   3485 }
 50:100 {      0  96569   3431 }
 60:0   {  94718   4892    390 }
 60:1   {  44169  50700   5131 }
 60:10  {  39785  55450   4765 }
 60:20  {  35827  59308   4865 }
 60:30  {  31668  63838   4494 }
 60:40  {  27321  68350   4329 }
 60:50  {  23265  72542   4193 }
 60:60  {  18985  77181   3834 }
 60:70  {  14086  82273   3641 }
 60:80  {   9580  87174   3246 }
 60:90  {   4855  92301   2844 }
 60:99  {    486  96895   2619 }
 60:100 {      0  97545   2455 }
 70:0   {  95249   4531    220 }
 70:1   {  46383  50171   3446 }
 70:10  {  42373  54253   3374 }
 70:20  {  37607  58978   3415 }
 70:30  {  33479  63377   3144 }
 70:40  {  29069  67962   2969 }
 70:50  {  24423  72690   2887 }
 70:60  {  19656  77687   2657 }
 70:70  {  15134  82382   2484 }
 70:80  {  10151  87538   2311 }
 70:90  {   5166  92768   2066 }
 70:99  {    507  97613   1880 }
 70:100 {      0  98261   1739 }
 80:0   {  95561   4298    141 }
 80:1   {  48337  49509   2154 }
 80:10  {  44235  53672   2093 }
 80:20  {  40152  57752   2096 }
 80:30  {  35148  62830   2022 }
 80:40  {  30402  67720   1878 }
 80:50  {  25912  72381   1707 }
 80:60  {  21014  77251   1735 }
 80:70  {  15873  82606   1521 }
 80:80  {  10784  87869   1347 }
 80:90  {   5422  93338   1240 }
 80:99  {    581  98317   1102 }
 80:100 {      0  98927   1073 }
 90:0   {  96067   3870     63 }
 90:1   {  50845  48186    969 }
 90:10  {  46621  52400    979 }
 90:20  {  41434  57600    966 }
 90:30  {  36917  62209    874 }
 90:40  {  32046  67091    863 }
 90:50  {  27017  72134    849 }
 90:60  {  22087  77147    766 }
 90:70  {  16367  82927    706 }
 90:80  {  11371  87955    674 }
 90:90  {   5753  93647    600 }
 90:99  {    569  98923    508 }
 90:100 {      0  99545    455 }
 99:0   {  96319   3676      5 }
 99:1   {  52912  46989     99 }
 99:10  {  48329  51580     91 }
 99:20  {  43205  56707     88 }
 99:30  {  38692  61230     78 }
 99:40  {  33651  66255     94 }
 99:50  {  28295  71634     71 }
 99:60  {  22929  76997     74 }
 99:70  {  17467  82463     70 }
 99:80  {  11867  88067     66 }
 99:90  {   5947  94014     39 }
 99:99  {    629  99326     45 }
 99:100 {      0  99954     46 }
100:0   {  96446   3554      0 }
100:1   {  52852  47148      0 }
100:10  {  48202  51798      0 }
100:20  {  43633  56367      0 }
100:30  {  38538  61462      0 }
100:40  {  33712  66288      0 }
100:50  {  28183  71817      0 }
100:60  {  22941  77059      0 }
100:70  {  17409  82591      0 }
100:80  {  11741  88259      0 }
100:90  {   6144  93856      0 }
100:99  {    602  99398      0 }
100:100 {      0 100000      0 }
Sat Nov 24 14:47:58 CST 2018
